# ./images/kuihua_001.jpg 480 640 2
151 154 350 341 -1 -1 -1 -1 -1 -1 -1 -1 -1 -1 -1 -1
# ./images/kuihua_002.jpg 404 640 2
69 52 323 313 -1 -1 -1 -1 -1 -1 -1 -1 -1 -1 -1 -1
# ./images/kuihua_003.jpg 480 640 2
66 74 413 402 -1 -1 -1 -1 -1 -1 -1 -1 -1 -1 -1 -1
# ./images/kuihua_004.jpg 418 354 2
303 147 394 237 -1 -1 -1 -1 -1 -1 -1 -1 -1 -1 -1 -1
# ./images/kuihua_005.jpg 426 568 2
176 269 274 368 -1 -1 -1 -1 -1 -1 -1 -1 -1 -1 -1 -1
# ./images/kuihua_006.jpg 720 1178 2
220 393 564 746 -1 -1 -1 -1 -1 -1 -1 -1 -1 -1 -1 -1
# ./images/kuihua_007.jpg 480 1066 2
30 201 398 582 -1 -1 -1 -1 -1 -1 -1 -1 -1 -1 -1 -1
# ./images/kuihua_008.jpg 360 760 2
1 3 360 429 -1 -1 -1 -1 -1 -1 -1 -1 -1 -1 -1 -1
# ./images/kuihua_009.jpg 286 510 2
93 179 194 277 -1 -1 -1 -1 -1 -1 -1 -1 -1 -1 -1 -1
# ./images/kuihua_010.jpg 589 512 2
167 76 433 330 -1 -1 -1 -1 -1 -1 -1 -1 -1 -1 -1 -1
# ./images/kuihua_012.jpg 444 960 2
119 314 341 526 -1 -1 -1 -1 -1 -1 -1 -1 -1 -1 -1 -1
# ./images/kuihua_013.jpg 480 1066 2
1 213 480 784 -1 -1 -1 -1 -1 -1 -1 -1 -1 -1 -1 -1
# ./images/kuihua_014.jpg 880 1494 2
369 755 627 996 -1 -1 -1 -1 -1 -1 -1 -1 -1 -1 -1 -1
# ./images/kuihua_015.jpg 480 1056 2
102 344 263 555 -1 -1 -1 -1 -1 -1 -1 -1 -1 -1 -1 -1
# ./images/kuihua_016.jpg 480 1066 2
203 452 295 576 -1 -1 -1 -1 -1 -1 -1 -1 -1 -1 -1 -1
# ./images/kuihua_017.jpg 480 853 2
198 316 286 408 -1 -1 -1 -1 -1 -1 -1 -1 -1 -1 -1 -1
# ./images/kuihua_018.jpg 986 448 2
464 128 638 305 -1 -1 -1 -1 -1 -1 -1 -1 -1 -1 -1 -1
# ./images/kuihua_019.jpg 720 724 2
246 171 416 335 -1 -1 -1 -1 -1 -1 -1 -1 -1 -1 -1 -1
# ./images/kuihua_020.jpg 425 425 2
42 62 363 387 -1 -1 -1 -1 -1 -1 -1 -1 -1 -1 -1 -1
# ./images/kuihua_021.jpg 896 1434 2
182 505 633 907 -1 -1 -1 -1 -1 -1 -1 -1 -1 -1 -1 -1
# ./images/kuihua_023.jpg 720 1108 2
202 335 620 765 -1 -1 -1 -1 -1 -1 -1 -1 -1 -1 -1 -1
# ./images/kuihua_024.jpg 360 340 2
110 166 189 222 -1 -1 -1 -1 -1 -1 -1 -1 -1 -1 -1 -1
# ./images/kuihua_025.jpg 448 970 2
94 235 357 501 -1 -1 -1 -1 -1 -1 -1 -1 -1 -1 -1 -1
# ./images/kuihua_026.jpg 960 431 2
265 46 667 382 -1 -1 -1 -1 -1 -1 -1 -1 -1 -1 -1 -1
# ./images/kuihua_027.jpg 970 448 2
493 46 747 295 -1 -1 -1 -1 -1 -1 -1 -1 -1 -1 -1 -1
# ./images/kuihua_028.jpg 582 1356 2
151 205 487 717 -1 -1 -1 -1 -1 -1 -1 -1 -1 -1 -1 -1
# ./images/kuihua_029.jpg 312 328 2
128 77 211 155 -1 -1 -1 -1 -1 -1 -1 -1 -1 -1 -1 -1
# ./images/kuihua_030.jpg 360 720 2
34 407 147 490 -1 -1 -1 -1 -1 -1 -1 -1 -1 -1 -1 -1
# ./images/kuihua_031.jpg 512 911 2
147 195 401 452 -1 -1 -1 -1 -1 -1 -1 -1 -1 -1 -1 -1
# ./images/kuihua_032.jpg 720 966 2
143 320 513 628 -1 -1 -1 -1 -1 -1 -1 -1 -1 -1 -1 -1
# ./images/kuihua_033.jpg 286 640 2
1 246 278 533 -1 -1 -1 -1 -1 -1 -1 -1 -1 -1 -1 -1
# ./images/kuihua_034.jpg 480 640 2
144 218 391 411 -1 -1 -1 -1 -1 -1 -1 -1 -1 -1 -1 -1
# ./images/kuihua_035.jpg 1010 480 2
372 73 536 218 -1 -1 -1 -1 -1 -1 -1 -1 -1 -1 -1 -1
# ./images/kuihua_036.jpg 344 640 2
3 233 323 526 -1 -1 -1 -1 -1 -1 -1 -1 -1 -1 -1 -1
# ./images/kuihua_037.jpg 452 600 2
130 141 344 356 -1 -1 -1 -1 -1 -1 -1 -1 -1 -1 -1 -1
# ./images/kuihua_038.jpg 473 448 2
362 385 450 442 -1 -1 -1 -1 -1 -1 -1 -1 -1 -1 -1 -1
# ./images/kuihua_039.jpg 448 598 2
116 196 289 362 -1 -1 -1 -1 -1 -1 -1 -1 -1 -1 -1 -1
# ./images/kuihua_040.jpg 896 480 2
197 264 337 381 -1 -1 -1 -1 -1 -1 -1 -1 -1 -1 -1 -1
# ./images/kuihua_041.jpg 480 640 2
247 184 387 346 -1 -1 -1 -1 -1 -1 -1 -1 -1 -1 -1 -1
# ./images/kuihua_042.jpg 480 640 2
86 263 342 480 -1 -1 -1 -1 -1 -1 -1 -1 -1 -1 -1 -1
# ./images/kuihua_043.jpg 960 444 2
218 64 507 328 -1 -1 -1 -1 -1 -1 -1 -1 -1 -1 -1 -1
# ./images/kuihua_044.jpg 480 853 2
32 241 459 670 -1 -1 -1 -1 -1 -1 -1 -1 -1 -1 -1 -1
# ./images/kuihua_045.jpg 360 772 2
23 654 102 727 -1 -1 -1 -1 -1 -1 -1 -1 -1 -1 -1 -1
# ./images/kuihua_046.jpg 480 853 2
30 208 332 499 -1 -1 -1 -1 -1 -1 -1 -1 -1 -1 -1 -1
# ./images/kuihua_047.jpg 480 640 2
157 313 309 458 -1 -1 -1 -1 -1 -1 -1 -1 -1 -1 -1 -1
# ./images/kuihua_048.jpg 448 448 2
8 5 437 442 -1 -1 -1 -1 -1 -1 -1 -1 -1 -1 -1 -1
# ./images/kuihua_049.jpg 1080 2048 2
263 481 1033 1397 -1 -1 -1 -1 -1 -1 -1 -1 -1 -1 -1 -1
# ./images/kuihua_050.jpg 512 710 2
69 228 441 611 -1 -1 -1 -1 -1 -1 -1 -1 -1 -1 -1 -1
# ./images/kuihua_051.jpg 480 1040 2
99 207 329 455 -1 -1 -1 -1 -1 -1 -1 -1 -1 -1 -1 -1
# ./images/kuihua_052.jpg 480 853 2
107 168 381 444 -1 -1 -1 -1 -1 -1 -1 -1 -1 -1 -1 -1
# ./images/kuihua_053.jpg 512 921 2
146 215 310 497 -1 -1 -1 -1 -1 -1 -1 -1 -1 -1 -1 -1
# ./images/kuihua_054.jpg 444 960 2
84 334 223 482 -1 -1 -1 -1 -1 -1 -1 -1 -1 -1 -1 -1
# ./images/kuihua_055.jpg 480 1066 2
93 254 440 597 -1 -1 -1 -1 -1 -1 -1 -1 -1 -1 -1 -1
# ./images/kuihua_056.jpg 448 598 2
117 65 379 354 -1 -1 -1 -1 -1 -1 -1 -1 -1 -1 -1 -1
# ./images/kuihua_057.jpg 448 970 2
166 436 288 559 -1 -1 -1 -1 -1 -1 -1 -1 -1 -1 -1 -1
# ./images/kuihua_058.jpg 286 510 2
123 157 196 231 -1 -1 -1 -1 -1 -1 -1 -1 -1 -1 -1 -1
# ./images/kuihua_059.jpg 480 997 2
46 212 313 415 -1 -1 -1 -1 -1 -1 -1 -1 -1 -1 -1 -1
# ./images/kuihua_060.jpg 512 701 2
163 235 348 443 -1 -1 -1 -1 -1 -1 -1 -1 -1 -1 -1 -1
# ./images/kuihua_061.jpg 640 480 2
286 120 430 263 -1 -1 -1 -1 -1 -1 -1 -1 -1 -1 -1 -1
# ./images/kuihua_062.jpg 720 1600 2
27 497 720 1078 -1 -1 -1 -1 -1 -1 -1 -1 -1 -1 -1 -1
# ./images/kuihua_063.jpg 448 598 2
142 235 349 443 -1 -1 -1 -1 -1 -1 -1 -1 -1 -1 -1 -1
# ./images/kuihua_064.jpg 480 640 2
114 258 328 477 -1 -1 -1 -1 -1 -1 -1 -1 -1 -1 -1 -1
# ./images/kuihua_065.jpg 360 760 2
246 600 346 697 -1 -1 -1 -1 -1 -1 -1 -1 -1 -1 -1 -1
# ./images/kuihua_066.jpg 480 1063 2
143 415 370 634 -1 -1 -1 -1 -1 -1 -1 -1 -1 -1 -1 -1
# ./images/kuihua_067.jpg 480 1066 2
68 147 392 376 -1 -1 -1 -1 -1 -1 -1 -1 -1 -1 -1 -1
# ./images/kuihua_068.jpg 480 640 2
152 153 410 384 -1 -1 -1 -1 -1 -1 -1 -1 -1 -1 -1 -1
# ./images/kuihua_069.jpg 480 640 2
166 164 439 432 -1 -1 -1 -1 -1 -1 -1 -1 -1 -1 -1 -1
# ./images/kuihua_070.jpg 475 844 2
133 273 347 503 -1 -1 -1 -1 -1 -1 -1 -1 -1 -1 -1 -1
# ./images/kuihua_071.jpg 480 640 2
35 243 361 582 -1 -1 -1 -1 -1 -1 -1 -1 -1 -1 -1 -1
# ./images/kuihua_072.jpg 480 1039 2
126 349 369 475 -1 -1 -1 -1 -1 -1 -1 -1 -1 -1 -1 -1
# ./images/kuihua_073.jpg 480 1040 2
162 463 343 642 -1 -1 -1 -1 -1 -1 -1 -1 -1 -1 -1 -1
# ./images/kuihua_074.jpg 448 970 2
62 64 242 241 -1 -1 -1 -1 -1 -1 -1 -1 -1 -1 -1 -1
# ./images/kuihua_075.jpg 448 598 2
165 194 330 352 -1 -1 -1 -1 -1 -1 -1 -1 -1 -1 -1 -1
# ./images/kuihua_076.jpg 480 853 2
147 22 347 240 -1 -1 -1 -1 -1 -1 -1 -1 -1 -1 -1 -1
# ./images/kuihua_077.jpg 512 587 2
154 204 403 389 -1 -1 -1 -1 -1 -1 -1 -1 -1 -1 -1 -1
# ./images/kuihua_078.jpg 426 568 2
119 106 304 328 -1 -1 -1 -1 -1 -1 -1 -1 -1 -1 -1 -1
# ./images/kuihua_079.jpg 480 853 2
191 289 268 368 -1 -1 -1 -1 -1 -1 -1 -1 -1 -1 -1 -1
# ./images/kuihua_080.jpg 480 1040 2
107 258 376 528 -1 -1 -1 -1 -1 -1 -1 -1 -1 -1 -1 -1
# ./images/kuihua_081.jpg 480 1068 2
38 572 212 716 -1 -1 -1 -1 -1 -1 -1 -1 -1 -1 -1 -1
# ./images/kuihua_082.jpg 375 379 2
89 36 285 234 -1 -1 -1 -1 -1 -1 -1 -1 -1 -1 -1 -1
# ./images/kuihua_083.jpg 512 911 2
140 247 355 572 -1 -1 -1 -1 -1 -1 -1 -1 -1 -1 -1 -1
# ./images/kuihua_084.jpg 480 1033 2
227 274 379 416 -1 -1 -1 -1 -1 -1 -1 -1 -1 -1 -1 -1
# ./images/kuihua_085.jpg 720 1600 2
113 376 683 982 -1 -1 -1 -1 -1 -1 -1 -1 -1 -1 -1 -1
# ./images/kuihua_086.jpg 480 1066 2
36 180 305 374 -1 -1 -1 -1 -1 -1 -1 -1 -1 -1 -1 -1
# ./images/kuihua_087.jpg 480 1070 2
137 479 412 719 -1 -1 -1 -1 -1 -1 -1 -1 -1 -1 -1 -1
# ./images/kuihua_088.jpg 456 456 2
133 74 378 372 -1 -1 -1 -1 -1 -1 -1 -1 -1 -1 -1 -1
# ./images/kuihua_089.jpg 426 568 2
119 109 305 328 -1 -1 -1 -1 -1 -1 -1 -1 -1 -1 -1 -1
# ./images/kuihua_090.jpg 322 640 2
92 87 297 288 -1 -1 -1 -1 -1 -1 -1 -1 -1 -1 -1 -1
# ./images/kuihua_091.jpg 480 834 2
314 670 461 806 -1 -1 -1 -1 -1 -1 -1 -1 -1 -1 -1 -1
# ./images/kuihua_092.jpg 360 800 2
50 544 107 602 -1 -1 -1 -1 -1 -1 -1 -1 -1 -1 -1 -1
# ./images/kuihua_093.jpg 480 640 2
32 17 426 409 -1 -1 -1 -1 -1 -1 -1 -1 -1 -1 -1 -1
# ./images/kuihua_094.jpg 598 448 2
287 238 366 304 -1 -1 -1 -1 -1 -1 -1 -1 -1 -1 -1 -1
# ./images/kuihua_095.jpg 480 647 2
91 208 366 451 -1 -1 -1 -1 -1 -1 -1 -1 -1 -1 -1 -1
# ./images/kuihua_096.jpg 480 1066 2
1 265 480 782 -1 -1 -1 -1 -1 -1 -1 -1 -1 -1 -1 -1
# ./images/kuihua_097.jpg 480 640 2
127 181 332 347 -1 -1 -1 -1 -1 -1 -1 -1 -1 -1 -1 -1
# ./images/kuihua_098.jpg 480 1066 2
16 296 477 767 -1 -1 -1 -1 -1 -1 -1 -1 -1 -1 -1 -1
# ./images/kuihua_099.jpg 508 640 2
159 221 407 465 -1 -1 -1 -1 -1 -1 -1 -1 -1 -1 -1 -1
# ./images/kuihua_100.jpg 480 1066 2
39 442 373 706 -1 -1 -1 -1 -1 -1 -1 -1 -1 -1 -1 -1
# ./images/kuihua_101.jpg 480 640 2
94 180 348 453 -1 -1 -1 -1 -1 -1 -1 -1 -1 -1 -1 -1
# ./images/kuihua_102.jpg 920 1920 2
5 372 905 1353 -1 -1 -1 -1 -1 -1 -1 -1 -1 -1 -1 -1
# ./images/kuihua_103.jpg 512 858 2
163 321 285 476 -1 -1 -1 -1 -1 -1 -1 -1 -1 -1 -1 -1
# ./images/kuihua_104.jpg 720 1478 2
197 394 630 819 -1 -1 -1 -1 -1 -1 -1 -1 -1 -1 -1 -1
# ./images/kuihua_105.jpg 480 640 2
79 124 415 477 -1 -1 -1 -1 -1 -1 -1 -1 -1 -1 -1 -1
# ./images/kuihua_106.jpg 360 760 2
80 319 248 488 -1 -1 -1 -1 -1 -1 -1 -1 -1 -1 -1 -1
# ./images/kuihua_107.jpg 448 598 2
70 125 268 318 -1 -1 -1 -1 -1 -1 -1 -1 -1 -1 -1 -1
# ./images/kuihua_108.jpg 480 640 2
134 111 361 341 -1 -1 -1 -1 -1 -1 -1 -1 -1 -1 -1 -1
# ./images/kuihua_109.jpg 328 640 2
136 193 295 391 -1 -1 -1 -1 -1 -1 -1 -1 -1 -1 -1 -1
# ./images/kuihua_110.jpg 853 480 2
158 117 434 403 -1 -1 -1 -1 -1 -1 -1 -1 -1 -1 -1 -1
# ./images/kuihua_111.jpg 650 480 2
79 39 599 455 -1 -1 -1 -1 -1 -1 -1 -1 -1 -1 -1 -1
# ./images/kuihua_112.jpg 85 120 2
15 17 70 68 -1 -1 -1 -1 -1 -1 -1 -1 -1 -1 -1 -1
# ./images/kuihua_113.jpg 426 640 2
80 312 244 524 -1 -1 -1 -1 -1 -1 -1 -1 -1 -1 -1 -1
# ./images/kuihua_114.jpg 448 598 2
61 136 348 414 -1 -1 -1 -1 -1 -1 -1 -1 -1 -1 -1 -1
# ./images/kuihua_115.jpg 480 640 2
35 85 480 507 -1 -1 -1 -1 -1 -1 -1 -1 -1 -1 -1 -1
# ./images/kuihua_116.jpg 448 598 2
16 120 426 486 -1 -1 -1 -1 -1 -1 -1 -1 -1 -1 -1 -1
# ./images/kuihua_117.jpg 400 400 2
42 37 322 315 -1 -1 -1 -1 -1 -1 -1 -1 -1 -1 -1 -1
# ./images/kuihua_118.jpg 286 510 2
109 203 211 321 -1 -1 -1 -1 -1 -1 -1 -1 -1 -1 -1 -1
# ./images/kuihua_119.jpg 720 1440 2
55 492 513 866 -1 -1 -1 -1 -1 -1 -1 -1 -1 -1 -1 -1
# ./images/kuihua_120.jpg 480 834 2
315 666 462 806 -1 -1 -1 -1 -1 -1 -1 -1 -1 -1 -1 -1
# ./images/kuihua_121.jpg 276 640 2
79 91 267 268 -1 -1 -1 -1 -1 -1 -1 -1 -1 -1 -1 -1
# ./images/kuihua_122.jpg 398 640 2
100 212 281 391 -1 -1 -1 -1 -1 -1 -1 -1 -1 -1 -1 -1
# ./images/kuihua_123.jpg 384 640 2
80 268 297 472 -1 -1 -1 -1 -1 -1 -1 -1 -1 -1 -1 -1
# ./images/kuihua_124.jpg 480 1067 2
62 303 444 670 -1 -1 -1 -1 -1 -1 -1 -1 -1 -1 -1 -1
# ./images/kuihua_125.jpg 480 640 2
153 170 292 313 -1 -1 -1 -1 -1 -1 -1 -1 -1 -1 -1 -1
# ./images/kuihua_126.jpg 512 911 2
136 204 375 465 -1 -1 -1 -1 -1 -1 -1 -1 -1 -1 -1 -1
# ./images/kuihua_127.jpg 448 598 2
138 314 344 481 -1 -1 -1 -1 -1 -1 -1 -1 -1 -1 -1 -1
# ./images/kuihua_128.jpg 848 1414 2
285 432 523 660 -1 -1 -1 -1 -1 -1 -1 -1 -1 -1 -1 -1
# ./images/kuihua_129.jpg 426 568 2
61 258 335 461 -1 -1 -1 -1 -1 -1 -1 -1 -1 -1 -1 -1
# ./images/kuihua_130.jpg 428 428 2
130 168 280 313 -1 -1 -1 -1 -1 -1 -1 -1 -1 -1 -1 -1
# ./images/kuihua_131.jpg 720 1600 2
108 541 515 1084 -1 -1 -1 -1 -1 -1 -1 -1 -1 -1 -1 -1
# ./images/kuihua_132.jpg 434 434 2
81 328 184 426 -1 -1 -1 -1 -1 -1 -1 -1 -1 -1 -1 -1
# ./images/kuihua_133.jpg 512 714 2
138 244 393 480 -1 -1 -1 -1 -1 -1 -1 -1 -1 -1 -1 -1
# ./images/kuihua_134.jpg 480 1066 2
104 251 300 464 -1 -1 -1 -1 -1 -1 -1 -1 -1 -1 -1 -1
# ./images/kuihua_135.jpg 448 797 2
132 151 334 363 -1 -1 -1 -1 -1 -1 -1 -1 -1 -1 -1 -1
# ./images/kuihua_136.jpg 512 910 2
196 397 336 529 -1 -1 -1 -1 -1 -1 -1 -1 -1 -1 -1 -1
# ./images/kuihua_137.jpg 448 552 2
155 241 294 381 -1 -1 -1 -1 -1 -1 -1 -1 -1 -1 -1 -1
# ./images/kuihua_138.jpg 480 640 2
109 277 337 485 -1 -1 -1 -1 -1 -1 -1 -1 -1 -1 -1 -1
# ./images/kuihua_139.jpg 480 641 2
49 143 465 538 -1 -1 -1 -1 -1 -1 -1 -1 -1 -1 -1 -1
# ./images/kuihua_140.jpg 360 640 2
83 1 360 266 -1 -1 -1 -1 -1 -1 -1 -1 -1 -1 -1 -1
# ./images/kuihua_141.jpg 480 1039 2
2 146 415 476 -1 -1 -1 -1 -1 -1 -1 -1 -1 -1 -1 -1
# ./images/kuihua_142.jpg 448 970 2
4 282 401 648 -1 -1 -1 -1 -1 -1 -1 -1 -1 -1 -1 -1
# ./images/kuihua_143.jpg 1347 480 2
558 46 765 215 -1 -1 -1 -1 -1 -1 -1 -1 -1 -1 -1 -1
# ./images/kuihua_144.jpg 332 640 2
35 181 252 399 -1 -1 -1 -1 -1 -1 -1 -1 -1 -1 -1 -1
# ./images/kuihua_145.jpg 480 995 2
94 340 338 484 -1 -1 -1 -1 -1 -1 -1 -1 -1 -1 -1 -1
# ./images/kuihua_146.jpg 480 853 2
1 145 458 680 -1 -1 -1 -1 -1 -1 -1 -1 -1 -1 -1 -1
# ./images/kuihua_147.jpg 426 568 2
87 172 272 341 -1 -1 -1 -1 -1 -1 -1 -1 -1 -1 -1 -1
# ./images/kuihua_148.jpg 448 797 2
80 368 239 526 -1 -1 -1 -1 -1 -1 -1 -1 -1 -1 -1 -1
# ./images/kuihua_149.jpg 720 1516 2
184 251 720 1004 -1 -1 -1 -1 -1 -1 -1 -1 -1 -1 -1 -1
# ./images/kuihua_150.jpg 512 578 2
161 273 346 424 -1 -1 -1 -1 -1 -1 -1 -1 -1 -1 -1 -1
# ./images/kuihua_151.jpg 390 520 2
30 122 188 274 -1 -1 -1 -1 -1 -1 -1 -1 -1 -1 -1 -1
# ./images/kuihua_152.jpg 480 1070 2
9 303 480 772 -1 -1 -1 -1 -1 -1 -1 -1 -1 -1 -1 -1
# ./images/kuihua_153.jpg 272 272 2
182 40 246 108 -1 -1 -1 -1 -1 -1 -1 -1 -1 -1 -1 -1
# ./images/kuihua_154.jpg 354 640 2
2 144 259 374 -1 -1 -1 -1 -1 -1 -1 -1 -1 -1 -1 -1
# ./images/kuihua_155.jpg 200 200 2
19 17 182 183 -1 -1 -1 -1 -1 -1 -1 -1 -1 -1 -1 -1
# ./images/kuihua_156.jpg 480 640 2
130 237 408 509 -1 -1 -1 -1 -1 -1 -1 -1 -1 -1 -1 -1
# ./images/kuihua_157.jpg 480 1066 2
119 377 316 579 -1 -1 -1 -1 -1 -1 -1 -1 -1 -1 -1 -1
# ./images/kuihua_159.jpg 652 902 2
55 181 387 452 -1 -1 -1 -1 -1 -1 -1 -1 -1 -1 -1 -1
# ./images/kuihua_160.jpg 448 598 2
112 172 347 399 -1 -1 -1 -1 -1 -1 -1 -1 -1 -1 -1 -1
# ./images/kuihua_161.jpg 480 640 2
201 259 274 331 -1 -1 -1 -1 -1 -1 -1 -1 -1 -1 -1 -1
# ./images/kuihua_162.jpg 432 432 2
106 78 323 262 -1 -1 -1 -1 -1 -1 -1 -1 -1 -1 -1 -1
# ./images/kuihua_163.jpg 480 640 2
160 185 321 355 -1 -1 -1 -1 -1 -1 -1 -1 -1 -1 -1 -1
# ./images/kuihua_164.jpg 640 480 2
261 233 383 353 -1 -1 -1 -1 -1 -1 -1 -1 -1 -1 -1 -1
# ./images/kuihua_165.jpg 449 798 2
95 226 316 449 -1 -1 -1 -1 -1 -1 -1 -1 -1 -1 -1 -1
# ./images/kuihua_166.jpg 432 640 2
5 113 410 518 -1 -1 -1 -1 -1 -1 -1 -1 -1 -1 -1 -1
# ./images/kuihua_167.jpg 602 640 2
180 221 363 389 -1 -1 -1 -1 -1 -1 -1 -1 -1 -1 -1 -1
# ./images/kuihua_168.jpg 444 960 2
117 336 328 537 -1 -1 -1 -1 -1 -1 -1 -1 -1 -1 -1 -1
# ./images/kuihua_169.jpg 448 598 2
132 235 246 387 -1 -1 -1 -1 -1 -1 -1 -1 -1 -1 -1 -1
# ./images/kuihua_170.jpg 322 640 2
52 118 272 343 -1 -1 -1 -1 -1 -1 -1 -1 -1 -1 -1 -1
# ./images/kuihua_171.jpg 480 640 2
138 79 434 363 -1 -1 -1 -1 -1 -1 -1 -1 -1 -1 -1 -1
# ./images/kuihua_172.jpg 480 997 2
37 172 306 363 -1 -1 -1 -1 -1 -1 -1 -1 -1 -1 -1 -1
# ./images/kuihua_173.jpg 480 640 2
162 211 339 345 -1 -1 -1 -1 -1 -1 -1 -1 -1 -1 -1 -1
# ./images/kuihua_174.jpg 480 1040 2
100 260 391 540 -1 -1 -1 -1 -1 -1 -1 -1 -1 -1 -1 -1
# ./images/kuihua_175.jpg 448 598 2
# ./images/kuihua_176.jpg 448 982 2
87 874 158 944 -1 -1 -1 -1 -1 -1 -1 -1 -1 -1 -1 -1
# ./images/kuihua_177.jpg 432 960 2
39 158 353 465 -1 -1 -1 -1 -1 -1 -1 -1 -1 -1 -1 -1
# ./images/kuihua_178.jpg 480 640 2
109 238 266 381 -1 -1 -1 -1 -1 -1 -1 -1 -1 -1 -1 -1
# ./images/kuihua_179.jpg 448 448 2
145 160 322 335 -1 -1 -1 -1 -1 -1 -1 -1 -1 -1 -1 -1
# ./images/kuihua_180.jpg 448 970 2
95 727 186 816 -1 -1 -1 -1 -1 -1 -1 -1 -1 -1 -1 -1
# ./images/kuihua_181.jpg 480 640 2
144 278 327 466 -1 -1 -1 -1 -1 -1 -1 -1 -1 -1 -1 -1
# ./images/kuihua_182.jpg 480 640 2
99 202 349 445 -1 -1 -1 -1 -1 -1 -1 -1 -1 -1 -1 -1
# ./images/kuihua_183.jpg 512 645 2
150 218 370 430 -1 -1 -1 -1 -1 -1 -1 -1 -1 -1 -1 -1
# ./images/kuihua_184.jpg 434 584 2
73 141 412 492 -1 -1 -1 -1 -1 -1 -1 -1 -1 -1 -1 -1
# ./images/kuihua_185.jpg 480 640 2
96 169 392 399 -1 -1 -1 -1 -1 -1 -1 -1 -1 -1 -1 -1
# ./images/kuihua_186.jpg 448 960 2
104 304 296 494 -1 -1 -1 -1 -1 -1 -1 -1 -1 -1 -1 -1
# ./images/kuihua_187.jpg 360 468 2
249 356 355 462 -1 -1 -1 -1 -1 -1 -1 -1 -1 -1 -1 -1
# ./images/kuihua_188.jpg 1080 1920 2
1 314 1031 1394 -1 -1 -1 -1 -1 -1 -1 -1 -1 -1 -1 -1
# ./images/kuihua_189.jpg 448 515 2
56 42 428 404 -1 -1 -1 -1 -1 -1 -1 -1 -1 -1 -1 -1
# ./images/kuihua_190.jpg 640 472 2
116 237 233 353 -1 -1 -1 -1 -1 -1 -1 -1 -1 -1 -1 -1
# ./images/kuihua_191.jpg 448 797 2
121 295 332 506 -1 -1 -1 -1 -1 -1 -1 -1 -1 -1 -1 -1
# ./images/kuihua_192.jpg 364 640 2
61 150 364 448 -1 -1 -1 -1 -1 -1 -1 -1 -1 -1 -1 -1
# ./images/kuihua_193.jpg 480 632 2
49 133 365 449 -1 -1 -1 -1 -1 -1 -1 -1 -1 -1 -1 -1
# ./images/kuihua_194.jpg 448 598 2
137 282 248 390 -1 -1 -1 -1 -1 -1 -1 -1 -1 -1 -1 -1
# ./images/kuihua_195.jpg 480 640 2
214 366 318 472 -1 -1 -1 -1 -1 -1 -1 -1 -1 -1 -1 -1
# ./images/kuihua_196.jpg 640 480 2
226 150 293 216 -1 -1 -1 -1 -1 -1 -1 -1 -1 -1 -1 -1
# ./images/kuihua_197.jpg 480 1040 2
168 344 310 486 -1 -1 -1 -1 -1 -1 -1 -1 -1 -1 -1 -1
# ./images/kuihua_198.jpg 366 395 2
25 101 319 379 -1 -1 -1 -1 -1 -1 -1 -1 -1 -1 -1 -1
# ./images/kuihua_199.jpg 666 1600 2
234 403 662 1018 -1 -1 -1 -1 -1 -1 -1 -1 -1 -1 -1 -1
# ./images/kuihua_200.jpg 448 970 2
140 484 285 626 -1 -1 -1 -1 -1 -1 -1 -1 -1 -1 -1 -1
# ./images/kuihua_201.jpg 456 592 2
153 124 316 266 -1 -1 -1 -1 -1 -1 -1 -1 -1 -1 -1 -1
# ./images/kuihua_202.jpg 438 640 2
77 128 353 357 -1 -1 -1 -1 -1 -1 -1 -1 -1 -1 -1 -1
# ./images/kuihua_203.jpg 384 640 2
# ./images/kuihua_204.jpg 448 597 2
56 188 386 505 -1 -1 -1 -1 -1 -1 -1 -1 -1 -1 -1 -1
# ./images/kuihua_205.jpg 508 640 2
26 165 457 532 -1 -1 -1 -1 -1 -1 -1 -1 -1 -1 -1 -1
# ./images/kuihua_206.jpg 480 640 2
108 188 328 518 -1 -1 -1 -1 -1 -1 -1 -1 -1 -1 -1 -1
# ./images/kuihua_207.jpg 480 606 2
89 149 394 454 -1 -1 -1 -1 -1 -1 -1 -1 -1 -1 -1 -1
# ./images/kuihua_208.jpg 512 643 2
155 278 352 472 -1 -1 -1 -1 -1 -1 -1 -1 -1 -1 -1 -1
# ./images/kuihua_209.jpg 480 853 2
71 159 359 442 -1 -1 -1 -1 -1 -1 -1 -1 -1 -1 -1 -1
# ./images/kuihua_210.jpg 480 640 2
108 210 320 401 -1 -1 -1 -1 -1 -1 -1 -1 -1 -1 -1 -1
# ./images/kuihua_211.jpg 480 640 2
100 176 396 481 -1 -1 -1 -1 -1 -1 -1 -1 -1 -1 -1 -1
# ./images/kuihua_212.jpg 480 1066 2
49 347 334 632 -1 -1 -1 -1 -1 -1 -1 -1 -1 -1 -1 -1
# ./images/kuihua_213.jpg 480 834 2
311 668 458 806 -1 -1 -1 -1 -1 -1 -1 -1 -1 -1 -1 -1
# ./images/kuihua_214.jpg 480 853 2
26 222 392 514 -1 -1 -1 -1 -1 -1 -1 -1 -1 -1 -1 -1
# ./images/kuihua_215.jpg 720 976 2
121 503 527 776 -1 -1 -1 -1 -1 -1 -1 -1 -1 -1 -1 -1
