# ./images/1001.jpg 281 500 3
136 310 177 347 -1 -1 -1 -1 -1 -1 -1 -1 -1 -1 -1 -1
# ./images/1012.jpg 375 500 3
317 274 371 326 -1 -1 -1 -1 -1 -1 -1 -1 -1 -1 -1 -1
# ./images/102.jpg 499 270 3
439 211 491 263 -1 -1 -1 -1 -1 -1 -1 -1 -1 -1 -1 -1
# ./images/1031.jpg 500 500 3
28 310 152 432 -1 -1 -1 -1 -1 -1 -1 -1 -1 -1 -1 -1
# ./images/1041.jpg 332 500 3
274 356 332 416 -1 -1 -1 -1 -1 -1 -1 -1 -1 -1 -1 -1
# ./images/1049.jpg 281 499 3
108 422 169 486 -1 -1 -1 -1 -1 -1 -1 -1 -1 -1 -1 -1
# ./images/1063.jpg 400 400 3
51 49 356 356 -1 -1 -1 -1 -1 -1 -1 -1 -1 -1 -1 -1
# ./images/1075.jpg 358 500 3
27 128 308 424 -1 -1 -1 -1 -1 -1 -1 -1 -1 -1 -1 -1
# ./images/1076.jpg 250 500 3
37 202 213 377 -1 -1 -1 -1 -1 -1 -1 -1 -1 -1 -1 -1
# ./images/1077.jpg 332 500 3
82 202 249 361 -1 -1 -1 -1 -1 -1 -1 -1 -1 -1 -1 -1
# ./images/1086.jpg 281 500 3
99 410 181 492 -1 -1 -1 -1 -1 -1 -1 -1 -1 -1 -1 -1
# ./images/1090.jpg 357 500 3
90 252 276 436 -1 -1 -1 -1 -1 -1 -1 -1 -1 -1 -1 -1
# ./images/1094.jpg 351 499 3
225 371 334 477 -1 -1 -1 -1 -1 -1 -1 -1 -1 -1 -1 -1
# ./images/11.jpg 500 500 3
10 391 110 492 -1 -1 -1 -1 -1 -1 -1 -1 -1 -1 -1 -1
# ./images/1101.jpg 281 500 3
233 452 274 492 -1 -1 -1 -1 -1 -1 -1 -1 -1 -1 -1 -1
# ./images/1104.jpg 314 500 3
7 241 71 304 -1 -1 -1 -1 -1 -1 -1 -1 -1 -1 -1 -1
# ./images/112.jpg 375 500 3
256 274 300 320 -1 -1 -1 -1 -1 -1 -1 -1 -1 -1 -1 -1
# ./images/1145.jpg 500 500 3
371 402 426 457 -1 -1 -1 -1 -1 -1 -1 -1 -1 -1 -1 -1
428 401 485 457 -1 -1 -1 -1 -1 -1 -1 -1 -1 -1 -1 -1
# ./images/1170.jpg 500 250 3
418 151 493 227 -1 -1 -1 -1 -1 -1 -1 -1 -1 -1 -1 -1
# ./images/1174.jpg 500 495 3
19 17 479 479 -1 -1 -1 -1 -1 -1 -1 -1 -1 -1 -1 -1
# ./images/1181.jpg 400 400 3
40 39 366 365 -1 -1 -1 -1 -1 -1 -1 -1 -1 -1 -1 -1
# ./images/1247.jpg 433 500 3
59 271 258 474 -1 -1 -1 -1 -1 -1 -1 -1 -1 -1 -1 -1
# ./images/1253.jpg 307 500 3
38 152 266 384 -1 -1 -1 -1 -1 -1 -1 -1 -1 -1 -1 -1
# ./images/1259.jpg 312 500 3
105 336 209 440 -1 -1 -1 -1 -1 -1 -1 -1 -1 -1 -1 -1
# ./images/1263.jpg 280 499 3
172 416 246 491 -1 -1 -1 -1 -1 -1 -1 -1 -1 -1 -1 -1
# ./images/1280.jpg 281 500 3
199 385 242 426 -1 -1 -1 -1 -1 -1 -1 -1 -1 -1 -1 -1
# ./images/1281.jpg 281 500 3
54 269 228 446 -1 -1 -1 -1 -1 -1 -1 -1 -1 -1 -1 -1
# ./images/1295.jpg 400 400 3
54 55 351 350 -1 -1 -1 -1 -1 -1 -1 -1 -1 -1 -1 -1
# ./images/1310.jpg 281 500 3
12 11 75 73 -1 -1 -1 -1 -1 -1 -1 -1 -1 -1 -1 -1
# ./images/1317.jpg 281 500 3
26 154 255 383 -1 -1 -1 -1 -1 -1 -1 -1 -1 -1 -1 -1
# ./images/1318.jpg 281 500 3
85 285 197 396 -1 -1 -1 -1 -1 -1 -1 -1 -1 -1 -1 -1
# ./images/1349.jpg 480 300 3
399 219 478 297 -1 -1 -1 -1 -1 -1 -1 -1 -1 -1 -1 -1
# ./images/136.jpg 332 500 3
231 359 325 453 -1 -1 -1 -1 -1 -1 -1 -1 -1 -1 -1 -1
# ./images/1360.jpg 373 500 3
1 129 373 498 -1 -1 -1 -1 -1 -1 -1 -1 -1 -1 -1 -1
# ./images/1409.jpg 312 500 3
252 6 304 57 -1 -1 -1 -1 -1 -1 -1 -1 -1 -1 -1 -1
# ./images/1418.jpg 281 500 3
19 407 92 482 -1 -1 -1 -1 -1 -1 -1 -1 -1 -1 -1 -1
# ./images/1424.jpg 295 500 3
224 425 277 479 -1 -1 -1 -1 -1 -1 -1 -1 -1 -1 -1 -1
# ./images/1428.jpg 281 500 3
72 219 212 358 -1 -1 -1 -1 -1 -1 -1 -1 -1 -1 -1 -1
# ./images/1430.jpg 200 200 3
1 1 200 200 -1 -1 -1 -1 -1 -1 -1 -1 -1 -1 -1 -1
# ./images/1440.jpg 349 500 3
248 368 316 433 -1 -1 -1 -1 -1 -1 -1 -1 -1 -1 -1 -1
# ./images/1447.jpg 272 499 3
210 430 256 477 -1 -1 -1 -1 -1 -1 -1 -1 -1 -1 -1 -1
# ./images/1464.jpg 353 500 3
253 374 328 449 -1 -1 -1 -1 -1 -1 -1 -1 -1 -1 -1 -1
# ./images/1472.jpg 500 281 3
428 192 483 247 -1 -1 -1 -1 -1 -1 -1 -1 -1 -1 -1 -1
# ./images/1493.jpg 500 500 3
31 29 471 472 -1 -1 -1 -1 -1 -1 -1 -1 -1 -1 -1 -1
# ./images/1498.jpg 400 400 3
22 24 379 380 -1 -1 -1 -1 -1 -1 -1 -1 -1 -1 -1 -1
# ./images/1549.jpg 335 500 3
282 448 335 500 -1 -1 -1 -1 -1 -1 -1 -1 -1 -1 -1 -1
# ./images/1550.jpg 288 500 3
225 14 277 63 -1 -1 -1 -1 -1 -1 -1 -1 -1 -1 -1 -1
# ./images/156.jpg 281 500 3
118 414 164 461 -1 -1 -1 -1 -1 -1 -1 -1 -1 -1 -1 -1
# ./images/157.jpg 500 500 3
215 295 287 367 -1 -1 -1 -1 -1 -1 -1 -1 -1 -1 -1 -1
# ./images/1575.jpg 500 500 3
24 312 155 432 -1 -1 -1 -1 -1 -1 -1 -1 -1 -1 -1 -1
# ./images/1603.jpg 280 499 3
204 414 259 470 -1 -1 -1 -1 -1 -1 -1 -1 -1 -1 -1 -1
# ./images/162.jpg 123 500 3
100 479 118 495 -1 -1 -1 -1 -1 -1 -1 -1 -1 -1 -1 -1
# ./images/1630.jpg 280 500 3
91 307 185 402 -1 -1 -1 -1 -1 -1 -1 -1 -1 -1 -1 -1
# ./images/1634.jpg 277 500 3
33 304 108 377 -1 -1 -1 -1 -1 -1 -1 -1 -1 -1 -1 -1
# ./images/164.jpg 333 500 3
229 361 323 455 -1 -1 -1 -1 -1 -1 -1 -1 -1 -1 -1 -1
# ./images/1641.jpg 281 500 3
3 62 40 99 -1 -1 -1 -1 -1 -1 -1 -1 -1 -1 -1 -1
# ./images/1646.jpg 333 500 3
16 412 88 484 -1 -1 -1 -1 -1 -1 -1 -1 -1 -1 -1 -1
# ./images/1659.jpg 281 500 3
74 228 213 365 -1 -1 -1 -1 -1 -1 -1 -1 -1 -1 -1 -1
# ./images/166.jpg 500 500 3
86 90 182 187 -1 -1 -1 -1 -1 -1 -1 -1 -1 -1 -1 -1
# ./images/1663.jpg 500 281 3
406 181 489 261 -1 -1 -1 -1 -1 -1 -1 -1 -1 -1 -1 -1
# ./images/1666.jpg 281 500 3
39 201 239 396 -1 -1 -1 -1 -1 -1 -1 -1 -1 -1 -1 -1
# ./images/168.jpg 375 500 3
177 391 257 470 -1 -1 -1 -1 -1 -1 -1 -1 -1 -1 -1 -1
# ./images/170.jpg 430 430 3
26 27 404 404 -1 -1 -1 -1 -1 -1 -1 -1 -1 -1 -1 -1
# ./images/1704.jpg 271 500 3
6 457 48 499 -1 -1 -1 -1 -1 -1 -1 -1 -1 -1 -1 -1
# ./images/1727.jpg 500 375 3
125 129 152 156 -1 -1 -1 -1 -1 -1 -1 -1 -1 -1 -1 -1
# ./images/1792.jpg 500 281 3
437 216 497 276 -1 -1 -1 -1 -1 -1 -1 -1 -1 -1 -1 -1
# ./images/1802.jpg 433 500 3
21 17 315 307 -1 -1 -1 -1 -1 -1 -1 -1 -1 -1 -1 -1
# ./images/1805.jpg 400 400 3
49 45 354 356 -1 -1 -1 -1 -1 -1 -1 -1 -1 -1 -1 -1
# ./images/1820.jpg 280 280 3
2 2 280 280 -1 -1 -1 -1 -1 -1 -1 -1 -1 -1 -1 -1
# ./images/1827.jpg 400 400 3
42 36 370 367 -1 -1 -1 -1 -1 -1 -1 -1 -1 -1 -1 -1
# ./images/1852.jpg 500 500 3
27 27 471 473 -1 -1 -1 -1 -1 -1 -1 -1 -1 -1 -1 -1
# ./images/1877.jpg 279 499 3
101 392 157 447 -1 -1 -1 -1 -1 -1 -1 -1 -1 -1 -1 -1
# ./images/19.jpg 375 500 3
149 322 193 364 -1 -1 -1 -1 -1 -1 -1 -1 -1 -1 -1 -1
# ./images/1906.jpg 288 500 3
12 442 61 492 -1 -1 -1 -1 -1 -1 -1 -1 -1 -1 -1 -1
# ./images/1921.jpg 433 500 3
144 216 326 404 -1 -1 -1 -1 -1 -1 -1 -1 -1 -1 -1 -1
# ./images/1932.jpg 423 499 3
320 402 406 490 -1 -1 -1 -1 -1 -1 -1 -1 -1 -1 -1 -1
# ./images/1946.jpg 433 500 3
77 261 296 480 -1 -1 -1 -1 -1 -1 -1 -1 -1 -1 -1 -1
# ./images/2005.jpg 500 500 3
84 71 416 406 -1 -1 -1 -1 -1 -1 -1 -1 -1 -1 -1 -1
# ./images/2009.jpg 400 400 3
50 50 354 355 -1 -1 -1 -1 -1 -1 -1 -1 -1 -1 -1 -1
# ./images/201.jpg 388 500 3
279 372 365 460 -1 -1 -1 -1 -1 -1 -1 -1 -1 -1 -1 -1
# ./images/2018.jpg 433 500 3
35 49 240 252 -1 -1 -1 -1 -1 -1 -1 -1 -1 -1 -1 -1
# ./images/2020.jpg 500 291 3
325 60 486 222 -1 -1 -1 -1 -1 -1 -1 -1 -1 -1 -1 -1
# ./images/2036.jpg 500 500 3
20 20 122 123 -1 -1 -1 -1 -1 -1 -1 -1 -1 -1 -1 -1
# ./images/204.jpg 333 500 3
109 451 134 477 -1 -1 -1 -1 -1 -1 -1 -1 -1 -1 -1 -1
# ./images/2076.jpg 430 430 3
24 25 408 405 -1 -1 -1 -1 -1 -1 -1 -1 -1 -1 -1 -1
# ./images/2090.jpg 280 499 3
106 386 174 455 -1 -1 -1 -1 -1 -1 -1 -1 -1 -1 -1 -1
# ./images/2110.jpg 500 250 3
416 151 494 226 -1 -1 -1 -1 -1 -1 -1 -1 -1 -1 -1 -1
# ./images/2124.jpg 423 499 3
319 403 406 489 -1 -1 -1 -1 -1 -1 -1 -1 -1 -1 -1 -1
# ./images/2128.jpg 370 500 3
260 260 330 329 -1 -1 -1 -1 -1 -1 -1 -1 -1 -1 -1 -1
# ./images/2135.jpg 500 500 3
84 73 423 406 -1 -1 -1 -1 -1 -1 -1 -1 -1 -1 -1 -1
# ./images/214.jpg 432 500 3
366 433 430 498 -1 -1 -1 -1 -1 -1 -1 -1 -1 -1 -1 -1
# ./images/2149.jpg 500 500 3
26 310 157 432 -1 -1 -1 -1 -1 -1 -1 -1 -1 -1 -1 -1
# ./images/2154.jpg 193 500 3
48 380 150 466 -1 -1 -1 -1 -1 -1 -1 -1 -1 -1 -1 -1
# ./images/2159.jpg 313 500 3
79 419 153 493 -1 -1 -1 -1 -1 -1 -1 -1 -1 -1 -1 -1
# ./images/2184.jpg 500 281 3
290 96 365 173 -1 -1 -1 -1 -1 -1 -1 -1 -1 -1 -1 -1
# ./images/2198.jpg 500 500 3
21 311 151 431 -1 -1 -1 -1 -1 -1 -1 -1 -1 -1 -1 -1
# ./images/221.jpg 400 400 3
40 41 365 364 -1 -1 -1 -1 -1 -1 -1 -1 -1 -1 -1 -1
# ./images/2210.jpg 281 500 3
18 408 91 484 -1 -1 -1 -1 -1 -1 -1 -1 -1 -1 -1 -1
# ./images/2215.jpg 327 500 3
134 412 195 471 -1 -1 -1 -1 -1 -1 -1 -1 -1 -1 -1 -1
# ./images/2219.jpg 500 500 3
2 2 500 500 -1 -1 -1 -1 -1 -1 -1 -1 -1 -1 -1 -1
# ./images/2224.jpg 258 500 3
95 400 164 468 -1 -1 -1 -1 -1 -1 -1 -1 -1 -1 -1 -1
# ./images/2237.jpg 376 500 3
89 162 294 364 -1 -1 -1 -1 -1 -1 -1 -1 -1 -1 -1 -1
# ./images/2249.jpg 375 500 3
212 249 350 386 -1 -1 -1 -1 -1 -1 -1 -1 -1 -1 -1 -1
# ./images/225.jpg 500 500 3
366 383 450 469 -1 -1 -1 -1 -1 -1 -1 -1 -1 -1 -1 -1
# ./images/2251.jpg 430 430 3
23 22 408 407 -1 -1 -1 -1 -1 -1 -1 -1 -1 -1 -1 -1
# ./images/2259.jpg 349 500 3
219 367 322 472 -1 -1 -1 -1 -1 -1 -1 -1 -1 -1 -1 -1
# ./images/2274.jpg 433 500 3
44 162 207 328 -1 -1 -1 -1 -1 -1 -1 -1 -1 -1 -1 -1
# ./images/2277.jpg 280 500 3
76 313 210 447 -1 -1 -1 -1 -1 -1 -1 -1 -1 -1 -1 -1
# ./images/2292.jpg 317 500 3
46 151 272 377 -1 -1 -1 -1 -1 -1 -1 -1 -1 -1 -1 -1
# ./images/2331.jpg 500 500 3
79 73 417 406 -1 -1 -1 -1 -1 -1 -1 -1 -1 -1 -1 -1
# ./images/2352.jpg 281 500 3
12 11 76 75 -1 -1 -1 -1 -1 -1 -1 -1 -1 -1 -1 -1
# ./images/2379.jpg 500 500 3
2 1 498 500 -1 -1 -1 -1 -1 -1 -1 -1 -1 -1 -1 -1
# ./images/238.jpg 338 500 3
111 348 239 469 -1 -1 -1 -1 -1 -1 -1 -1 -1 -1 -1 -1
# ./images/2402.jpg 281 500 3
119 424 166 470 -1 -1 -1 -1 -1 -1 -1 -1 -1 -1 -1 -1
# ./images/2406.jpg 375 500 3
67 151 303 372 -1 -1 -1 -1 -1 -1 -1 -1 -1 -1 -1 -1
# ./images/2409.jpg 500 500 3
307 268 488 451 -1 -1 -1 -1 -1 -1 -1 -1 -1 -1 -1 -1
# ./images/241.jpg 335 499 3
228 366 313 450 -1 -1 -1 -1 -1 -1 -1 -1 -1 -1 -1 -1
# ./images/2419.jpg 376 500 3
30 122 346 430 -1 -1 -1 -1 -1 -1 -1 -1 -1 -1 -1 -1
# ./images/243.jpg 295 500 3
124 402 185 465 -1 -1 -1 -1 -1 -1 -1 -1 -1 -1 -1 -1
# ./images/2469.jpg 500 498 3
121 211 368 460 -1 -1 -1 -1 -1 -1 -1 -1 -1 -1 -1 -1
# ./images/2470.jpg 500 500 3
3 2 499 500 -1 -1 -1 -1 -1 -1 -1 -1 -1 -1 -1 -1
# ./images/248.jpg 310 500 3
98 274 211 384 -1 -1 -1 -1 -1 -1 -1 -1 -1 -1 -1 -1
# ./images/2482.jpg 433 500 3
114 20 284 183 -1 -1 -1 -1 -1 -1 -1 -1 -1 -1 -1 -1
# ./images/2501.jpg 281 500 3
142 439 202 499 -1 -1 -1 -1 -1 -1 -1 -1 -1 -1 -1 -1
# ./images/2508.jpg 281 500 3
37 184 242 392 -1 -1 -1 -1 -1 -1 -1 -1 -1 -1 -1 -1
# ./images/253.jpg 281 500 3
62 220 223 373 -1 -1 -1 -1 -1 -1 -1 -1 -1 -1 -1 -1
# ./images/2530.jpg 400 400 3
51 50 355 356 -1 -1 -1 -1 -1 -1 -1 -1 -1 -1 -1 -1
# ./images/2568.jpg 280 499 3
102 322 180 399 -1 -1 -1 -1 -1 -1 -1 -1 -1 -1 -1 -1
# ./images/2575.jpg 450 500 3
78 294 175 389 -1 -1 -1 -1 -1 -1 -1 -1 -1 -1 -1 -1
# ./images/2595.jpg 500 500 3
79 148 212 281 -1 -1 -1 -1 -1 -1 -1 -1 -1 -1 -1 -1
# ./images/260.jpg 433 500 3
29 215 273 459 -1 -1 -1 -1 -1 -1 -1 -1 -1 -1 -1 -1
# ./images/2606.jpg 499 374 3
443 319 496 373 -1 -1 -1 -1 -1 -1 -1 -1 -1 -1 -1 -1
# ./images/2610.jpg 500 483 3
72 38 433 406 -1 -1 -1 -1 -1 -1 -1 -1 -1 -1 -1 -1
# ./images/2614.jpg 500 499 3
276 298 474 497 -1 -1 -1 -1 -1 -1 -1 -1 -1 -1 -1 -1
# ./images/2624.jpg 433 500 3
66 277 248 460 -1 -1 -1 -1 -1 -1 -1 -1 -1 -1 -1 -1
# ./images/2640.jpg 500 281 3
441 10 489 59 -1 -1 -1 -1 -1 -1 -1 -1 -1 -1 -1 -1
# ./images/2645.jpg 480 300 3
389 205 480 300 -1 -1 -1 -1 -1 -1 -1 -1 -1 -1 -1 -1
# ./images/266.jpg 277 500 3
89 426 135 470 -1 -1 -1 -1 -1 -1 -1 -1 -1 -1 -1 -1
# ./images/270.jpg 500 500 3
21 309 150 432 -1 -1 -1 -1 -1 -1 -1 -1 -1 -1 -1 -1
# ./images/2703.jpg 450 500 3
63 274 155 364 -1 -1 -1 -1 -1 -1 -1 -1 -1 -1 -1 -1
# ./images/2713.jpg 376 500 3
41 128 336 425 -1 -1 -1 -1 -1 -1 -1 -1 -1 -1 -1 -1
# ./images/2734.jpg 350 500 3
62 165 307 400 -1 -1 -1 -1 -1 -1 -1 -1 -1 -1 -1 -1
# ./images/2800.jpg 351 499 3
225 370 334 478 -1 -1 -1 -1 -1 -1 -1 -1 -1 -1 -1 -1
# ./images/2809.jpg 390 500 3
255 364 382 493 -1 -1 -1 -1 -1 -1 -1 -1 -1 -1 -1 -1
# ./images/2838.jpg 500 500 3
274 270 471 468 -1 -1 -1 -1 -1 -1 -1 -1 -1 -1 -1 -1
# ./images/285.jpg 430 430 3
26 27 406 406 -1 -1 -1 -1 -1 -1 -1 -1 -1 -1 -1 -1
# ./images/2881.jpg 280 499 3
173 414 247 492 -1 -1 -1 -1 -1 -1 -1 -1 -1 -1 -1 -1
# ./images/2890.jpg 358 500 3
41 142 319 418 -1 -1 -1 -1 -1 -1 -1 -1 -1 -1 -1 -1
# ./images/2895.jpg 273 500 3
175 393 236 455 -1 -1 -1 -1 -1 -1 -1 -1 -1 -1 -1 -1
# ./images/2902.jpg 322 500 3
102 337 224 459 -1 -1 -1 -1 -1 -1 -1 -1 -1 -1 -1 -1
# ./images/2903.jpg 375 500 3
149 397 247 489 -1 -1 -1 -1 -1 -1 -1 -1 -1 -1 -1 -1
# ./images/297.jpg 281 500 3
97 338 184 425 -1 -1 -1 -1 -1 -1 -1 -1 -1 -1 -1 -1
# ./images/2971.jpg 390 500 3
254 363 382 494 -1 -1 -1 -1 -1 -1 -1 -1 -1 -1 -1 -1
# ./images/3006.jpg 222 500 3
7 439 46 478 -1 -1 -1 -1 -1 -1 -1 -1 -1 -1 -1 -1
# ./images/3011.jpg 433 500 3
204 217 409 430 -1 -1 -1 -1 -1 -1 -1 -1 -1 -1 -1 -1
# ./images/3012.jpg 243 500 3
169 416 230 477 -1 -1 -1 -1 -1 -1 -1 -1 -1 -1 -1 -1
# ./images/3032.jpg 376 500 3
39 127 345 429 -1 -1 -1 -1 -1 -1 -1 -1 -1 -1 -1 -1
# ./images/3034.jpg 353 499 3
251 329 334 416 -1 -1 -1 -1 -1 -1 -1 -1 -1 -1 -1 -1
# ./images/3063.jpg 315 500 3
36 396 112 471 -1 -1 -1 -1 -1 -1 -1 -1 -1 -1 -1 -1
# ./images/3070.jpg 343 500 3
5 348 88 429 -1 -1 -1 -1 -1 -1 -1 -1 -1 -1 -1 -1
# ./images/3077.jpg 433 500 3
110 237 367 490 -1 -1 -1 -1 -1 -1 -1 -1 -1 -1 -1 -1
# ./images/3091.jpg 320 499 3
224 374 310 460 -1 -1 -1 -1 -1 -1 -1 -1 -1 -1 -1 -1
# ./images/3094.jpg 500 500 3
30 20 481 480 -1 -1 -1 -1 -1 -1 -1 -1 -1 -1 -1 -1
# ./images/31.jpg 333 500 3
12 260 75 324 -1 -1 -1 -1 -1 -1 -1 -1 -1 -1 -1 -1
# ./images/3102.jpg 345 500 3
203 189 314 299 -1 -1 -1 -1 -1 -1 -1 -1 -1 -1 -1 -1
# ./images/3108.jpg 433 500 3
119 265 306 451 -1 -1 -1 -1 -1 -1 -1 -1 -1 -1 -1 -1
# ./images/3113.jpg 344 499 3
239 380 326 470 -1 -1 -1 -1 -1 -1 -1 -1 -1 -1 -1 -1
# ./images/312.jpg 450 500 3
74 284 139 349 -1 -1 -1 -1 -1 -1 -1 -1 -1 -1 -1 -1
# ./images/3134.jpg 281 500 3
90 364 186 462 -1 -1 -1 -1 -1 -1 -1 -1 -1 -1 -1 -1
# ./images/3140.jpg 433 500 3
182 182 386 389 -1 -1 -1 -1 -1 -1 -1 -1 -1 -1 -1 -1
# ./images/3157.jpg 500 500 3
1 394 106 500 -1 -1 -1 -1 -1 -1 -1 -1 -1 -1 -1 -1
# ./images/3158.jpg 281 500 3
18 386 101 468 -1 -1 -1 -1 -1 -1 -1 -1 -1 -1 -1 -1
# ./images/3165.jpg 430 430 3
26 22 407 409 -1 -1 -1 -1 -1 -1 -1 -1 -1 -1 -1 -1
# ./images/3182.jpg 433 500 3
202 63 407 272 -1 -1 -1 -1 -1 -1 -1 -1 -1 -1 -1 -1
# ./images/3200.jpg 500 500 3
3 1 498 499 -1 -1 -1 -1 -1 -1 -1 -1 -1 -1 -1 -1
# ./images/3209.jpg 282 500 3
213 430 271 488 -1 -1 -1 -1 -1 -1 -1 -1 -1 -1 -1 -1
# ./images/3213.jpg 271 500 3
23 410 90 480 -1 -1 -1 -1 -1 -1 -1 -1 -1 -1 -1 -1
# ./images/3219.jpg 500 500 3
9 384 120 492 -1 -1 -1 -1 -1 -1 -1 -1 -1 -1 -1 -1
# ./images/3241.jpg 400 400 3
17 17 385 381 -1 -1 -1 -1 -1 -1 -1 -1 -1 -1 -1 -1
# ./images/3255.jpg 500 500 3
20 369 137 486 -1 -1 -1 -1 -1 -1 -1 -1 -1 -1 -1 -1
# ./images/3280.jpg 433 500 3
24 16 231 222 -1 -1 -1 -1 -1 -1 -1 -1 -1 -1 -1 -1
# ./images/3289.jpg 400 400 3
51 50 357 357 -1 -1 -1 -1 -1 -1 -1 -1 -1 -1 -1 -1
# ./images/3312.jpg 397 500 3
322 429 380 485 -1 -1 -1 -1 -1 -1 -1 -1 -1 -1 -1 -1
# ./images/3317.jpg 400 400 3
22 21 380 378 -1 -1 -1 -1 -1 -1 -1 -1 -1 -1 -1 -1
# ./images/3379.jpg 281 500 3
171 394 235 462 -1 -1 -1 -1 -1 -1 -1 -1 -1 -1 -1 -1
# ./images/3380.jpg 280 500 3
74 314 211 448 -1 -1 -1 -1 -1 -1 -1 -1 -1 -1 -1 -1
# ./images/3385.jpg 281 500 3
183 387 274 480 -1 -1 -1 -1 -1 -1 -1 -1 -1 -1 -1 -1
# ./images/3404.jpg 498 500 3
359 311 478 430 -1 -1 -1 -1 -1 -1 -1 -1 -1 -1 -1 -1
# ./images/3409.jpg 433 500 3
201 89 366 255 -1 -1 -1 -1 -1 -1 -1 -1 -1 -1 -1 -1
# ./images/3431.jpg 500 500 3
304 196 479 379 -1 -1 -1 -1 -1 -1 -1 -1 -1 -1 -1 -1
# ./images/3440.jpg 500 500 3
372 401 426 459 -1 -1 -1 -1 -1 -1 -1 -1 -1 -1 -1 -1
428 400 484 459 -1 -1 -1 -1 -1 -1 -1 -1 -1 -1 -1 -1
# ./images/3470.jpg 500 500 3
17 406 94 484 -1 -1 -1 -1 -1 -1 -1 -1 -1 -1 -1 -1
# ./images/3508.jpg 500 500 3
83 74 415 407 -1 -1 -1 -1 -1 -1 -1 -1 -1 -1 -1 -1
# ./images/3519.jpg 289 500 3
226 101 285 162 -1 -1 -1 -1 -1 -1 -1 -1 -1 -1 -1 -1
# ./images/3548.jpg 375 500 3
24 391 87 455 -1 -1 -1 -1 -1 -1 -1 -1 -1 -1 -1 -1
# ./images/3553.jpg 433 500 3
229 5 412 187 -1 -1 -1 -1 -1 -1 -1 -1 -1 -1 -1 -1
# ./images/3571.jpg 296 500 3
44 157 252 366 -1 -1 -1 -1 -1 -1 -1 -1 -1 -1 -1 -1
# ./images/3580.jpg 281 500 3
191 392 273 477 -1 -1 -1 -1 -1 -1 -1 -1 -1 -1 -1 -1
# ./images/3603.jpg 500 500 3
369 370 479 480 -1 -1 -1 -1 -1 -1 -1 -1 -1 -1 -1 -1
# ./images/3628.jpg 366 500 3
72 272 259 459 -1 -1 -1 -1 -1 -1 -1 -1 -1 -1 -1 -1
# ./images/3641.jpg 271 500 3
23 408 89 478 -1 -1 -1 -1 -1 -1 -1 -1 -1 -1 -1 -1
# ./images/3644.jpg 315 500 3
118 443 157 487 -1 -1 -1 -1 -1 -1 -1 -1 -1 -1 -1 -1
164 443 204 483 -1 -1 -1 -1 -1 -1 -1 -1 -1 -1 -1 -1
# ./images/3649.jpg 368 500 3
297 436 353 489 -1 -1 -1 -1 -1 -1 -1 -1 -1 -1 -1 -1
# ./images/3656.jpg 500 500 3
27 26 471 472 -1 -1 -1 -1 -1 -1 -1 -1 -1 -1 -1 -1
# ./images/3663.jpg 500 500 3
85 75 412 408 -1 -1 -1 -1 -1 -1 -1 -1 -1 -1 -1 -1
# ./images/3681.jpg 450 500 3
79 292 182 391 -1 -1 -1 -1 -1 -1 -1 -1 -1 -1 -1 -1
# ./images/3686.jpg 412 500 3
10 318 144 454 -1 -1 -1 -1 -1 -1 -1 -1 -1 -1 -1 -1
# ./images/3693.jpg 500 400 3
409 17 475 82 -1 -1 -1 -1 -1 -1 -1 -1 -1 -1 -1 -1
# ./images/3704.jpg 500 370 3
376 74 451 164 -1 -1 -1 -1 -1 -1 -1 -1 -1 -1 -1 -1
371 184 454 267 -1 -1 -1 -1 -1 -1 -1 -1 -1 -1 -1 -1
# ./images/3713.jpg 336 500 3
237 392 314 470 -1 -1 -1 -1 -1 -1 -1 -1 -1 -1 -1 -1
# ./images/3757.jpg 500 500 3
84 72 415 404 -1 -1 -1 -1 -1 -1 -1 -1 -1 -1 -1 -1
# ./images/3775.jpg 280 499 3
163 398 237 474 -1 -1 -1 -1 -1 -1 -1 -1 -1 -1 -1 -1
# ./images/3822.jpg 450 500 3
353 376 427 452 -1 -1 -1 -1 -1 -1 -1 -1 -1 -1 -1 -1
# ./images/3832.jpg 375 500 3
139 219 237 315 -1 -1 -1 -1 -1 -1 -1 -1 -1 -1 -1 -1
# ./images/3836.jpg 281 500 3
104 324 187 407 -1 -1 -1 -1 -1 -1 -1 -1 -1 -1 -1 -1
# ./images/3846.jpg 312 500 3
108 340 206 434 -1 -1 -1 -1 -1 -1 -1 -1 -1 -1 -1 -1
# ./images/386.jpg 333 500 3
113 58 224 170 -1 -1 -1 -1 -1 -1 -1 -1 -1 -1 -1 -1
# ./images/3870.jpg 279 499 3
236 181 279 216 -1 -1 -1 -1 -1 -1 -1 -1 -1 -1 -1 -1
189 283 238 326 -1 -1 -1 -1 -1 -1 -1 -1 -1 -1 -1 -1
98 426 144 470 -1 -1 -1 -1 -1 -1 -1 -1 -1 -1 -1 -1
259 421 279 465 -1 -1 -1 -1 -1 -1 -1 -1 -1 -1 -1 -1
# ./images/3879.jpg 281 500 3
89 301 192 402 -1 -1 -1 -1 -1 -1 -1 -1 -1 -1 -1 -1
# ./images/3880.jpg 500 420 3
34 45 146 159 -1 -1 -1 -1 -1 -1 -1 -1 -1 -1 -1 -1
# ./images/3907.jpg 364 500 3
88 94 279 285 -1 -1 -1 -1 -1 -1 -1 -1 -1 -1 -1 -1
# ./images/3910.jpg 72 500 3
21 140 50 166 -1 -1 -1 -1 -1 -1 -1 -1 -1 -1 -1 -1
22 199 48 224 -1 -1 -1 -1 -1 -1 -1 -1 -1 -1 -1 -1
22 251 48 277 -1 -1 -1 -1 -1 -1 -1 -1 -1 -1 -1 -1
22 307 48 332 -1 -1 -1 -1 -1 -1 -1 -1 -1 -1 -1 -1
22 345 49 371 -1 -1 -1 -1 -1 -1 -1 -1 -1 -1 -1 -1
# ./images/3914.jpg 500 248 3
432 89 476 130 -1 -1 -1 -1 -1 -1 -1 -1 -1 -1 -1 -1
# ./images/3945.jpg 423 499 3
318 400 405 489 -1 -1 -1 -1 -1 -1 -1 -1 -1 -1 -1 -1
# ./images/3946.jpg 500 338 3
362 239 412 289 -1 -1 -1 -1 -1 -1 -1 -1 -1 -1 -1 -1
# ./images/3947.jpg 433 500 3
189 112 395 319 -1 -1 -1 -1 -1 -1 -1 -1 -1 -1 -1 -1
# ./images/3983.jpg 500 500 3
74 74 436 427 -1 -1 -1 -1 -1 -1 -1 -1 -1 -1 -1 -1
# ./images/4041.jpg 281 500 3
161 201 255 292 -1 -1 -1 -1 -1 -1 -1 -1 -1 -1 -1 -1
# ./images/4045.jpg 433 500 3
108 278 304 476 -1 -1 -1 -1 -1 -1 -1 -1 -1 -1 -1 -1
# ./images/4050.jpg 500 500 3
85 74 416 408 -1 -1 -1 -1 -1 -1 -1 -1 -1 -1 -1 -1
# ./images/4054.jpg 288 500 3
186 164 245 220 -1 -1 -1 -1 -1 -1 -1 -1 -1 -1 -1 -1
# ./images/4079.jpg 500 500 3
303 270 486 447 -1 -1 -1 -1 -1 -1 -1 -1 -1 -1 -1 -1
# ./images/4100.jpg 500 500 3
27 28 474 473 -1 -1 -1 -1 -1 -1 -1 -1 -1 -1 -1 -1
# ./images/412.jpg 332 500 3
231 361 322 453 -1 -1 -1 -1 -1 -1 -1 -1 -1 -1 -1 -1
# ./images/4125.jpg 376 500 3
37 124 337 426 -1 -1 -1 -1 -1 -1 -1 -1 -1 -1 -1 -1
# ./images/4156.jpg 280 499 3
102 382 179 460 -1 -1 -1 -1 -1 -1 -1 -1 -1 -1 -1 -1
# ./images/4157.jpg 500 500 3
49 387 119 456 -1 -1 -1 -1 -1 -1 -1 -1 -1 -1 -1 -1
# ./images/4165.jpg 500 281 3
435 216 497 278 -1 -1 -1 -1 -1 -1 -1 -1 -1 -1 -1 -1
# ./images/4180.jpg 500 500 3
69 81 442 427 -1 -1 -1 -1 -1 -1 -1 -1 -1 -1 -1 -1
# ./images/4193.jpg 280 499 3
105 358 173 424 -1 -1 -1 -1 -1 -1 -1 -1 -1 -1 -1 -1
# ./images/4196.jpg 312 500 3
103 337 211 441 -1 -1 -1 -1 -1 -1 -1 -1 -1 -1 -1 -1
# ./images/4197.jpg 278 500 3
75 176 210 311 -1 -1 -1 -1 -1 -1 -1 -1 -1 -1 -1 -1
# ./images/4211.jpg 500 276 3
263 146 383 270 -1 -1 -1 -1 -1 -1 -1 -1 -1 -1 -1 -1
# ./images/4256.jpg 375 500 3
140 385 233 478 -1 -1 -1 -1 -1 -1 -1 -1 -1 -1 -1 -1
# ./images/4269.jpg 243 500 3
129 318 152 342 -1 -1 -1 -1 -1 -1 -1 -1 -1 -1 -1 -1
# ./images/4273.jpg 375 500 3
56 143 315 384 -1 -1 -1 -1 -1 -1 -1 -1 -1 -1 -1 -1
# ./images/4279.jpg 500 499 3
359 363 492 497 -1 -1 -1 -1 -1 -1 -1 -1 -1 -1 -1 -1
# ./images/4281.jpg 375 499 3
127 279 249 390 -1 -1 -1 -1 -1 -1 -1 -1 -1 -1 -1 -1
# ./images/4302.jpg 373 500 3
294 425 361 491 -1 -1 -1 -1 -1 -1 -1 -1 -1 -1 -1 -1
# ./images/4305.jpg 280 499 3
139 431 196 489 -1 -1 -1 -1 -1 -1 -1 -1 -1 -1 -1 -1
# ./images/4306.jpg 346 500 3
128 342 231 446 -1 -1 -1 -1 -1 -1 -1 -1 -1 -1 -1 -1
# ./images/4328.jpg 375 500 3
11 406 91 480 -1 -1 -1 -1 -1 -1 -1 -1 -1 -1 -1 -1
# ./images/4337.jpg 375 500 3
22 314 167 461 -1 -1 -1 -1 -1 -1 -1 -1 -1 -1 -1 -1
# ./images/4340.jpg 433 500 3
132 325 295 491 -1 -1 -1 -1 -1 -1 -1 -1 -1 -1 -1 -1
# ./images/4359.jpg 332 500 3
132 181 205 255 -1 -1 -1 -1 -1 -1 -1 -1 -1 -1 -1 -1
# ./images/4395.jpg 433 500 3
113 228 356 473 -1 -1 -1 -1 -1 -1 -1 -1 -1 -1 -1 -1
# ./images/4434.jpg 58 500 3
17 476 38 495 -1 -1 -1 -1 -1 -1 -1 -1 -1 -1 -1 -1
# ./images/4435.jpg 280 500 3
96 378 185 465 -1 -1 -1 -1 -1 -1 -1 -1 -1 -1 -1 -1
# ./images/444.jpg 281 500 3
46 420 102 476 -1 -1 -1 -1 -1 -1 -1 -1 -1 -1 -1 -1
# ./images/4450.jpg 281 500 3
38 183 243 390 -1 -1 -1 -1 -1 -1 -1 -1 -1 -1 -1 -1
# ./images/4467.jpg 289 500 3
96 318 195 417 -1 -1 -1 -1 -1 -1 -1 -1 -1 -1 -1 -1
# ./images/4476.jpg 281 500 3
105 365 176 435 -1 -1 -1 -1 -1 -1 -1 -1 -1 -1 -1 -1
# ./images/451.jpg 500 281 3
410 190 474 255 -1 -1 -1 -1 -1 -1 -1 -1 -1 -1 -1 -1
# ./images/4533.jpg 283 500 3
179 21 239 80 -1 -1 -1 -1 -1 -1 -1 -1 -1 -1 -1 -1
# ./images/4539.jpg 250 500 3
193 381 222 408 -1 -1 -1 -1 -1 -1 -1 -1 -1 -1 -1 -1
# ./images/4546.jpg 349 500 3
219 368 322 470 -1 -1 -1 -1 -1 -1 -1 -1 -1 -1 -1 -1
# ./images/4579.jpg 338 500 3
123 361 216 451 -1 -1 -1 -1 -1 -1 -1 -1 -1 -1 -1 -1
# ./images/4599.jpg 450 500 3
78 293 177 390 -1 -1 -1 -1 -1 -1 -1 -1 -1 -1 -1 -1
# ./images/4605.jpg 281 500 3
97 379 185 470 -1 -1 -1 -1 -1 -1 -1 -1 -1 -1 -1 -1
# ./images/4635.jpg 386 500 3
326 4 381 60 -1 -1 -1 -1 -1 -1 -1 -1 -1 -1 -1 -1
# ./images/4656.jpg 281 500 3
40 120 144 233 -1 -1 -1 -1 -1 -1 -1 -1 -1 -1 -1 -1
# ./images/4682.jpg 400 400 3
50 51 355 352 -1 -1 -1 -1 -1 -1 -1 -1 -1 -1 -1 -1
# ./images/4706.jpg 500 500 3
182 197 320 334 -1 -1 -1 -1 -1 -1 -1 -1 -1 -1 -1 -1
# ./images/4730.jpg 375 500 3
50 50 207 204 -1 -1 -1 -1 -1 -1 -1 -1 -1 -1 -1 -1
# ./images/474.jpg 280 499 3
102 321 181 400 -1 -1 -1 -1 -1 -1 -1 -1 -1 -1 -1 -1
# ./images/48.jpg 280 499 3
104 402 176 473 -1 -1 -1 -1 -1 -1 -1 -1 -1 -1 -1 -1
# ./images/480.jpg 375 500 3
31 406 94 469 -1 -1 -1 -1 -1 -1 -1 -1 -1 -1 -1 -1
# ./images/4801.jpg 332 500 3
111 315 232 437 -1 -1 -1 -1 -1 -1 -1 -1 -1 -1 -1 -1
# ./images/4813.jpg 500 500 3
392 403 463 473 -1 -1 -1 -1 -1 -1 -1 -1 -1 -1 -1 -1
# ./images/4814.jpg 433 500 3
205 304 368 466 -1 -1 -1 -1 -1 -1 -1 -1 -1 -1 -1 -1
# ./images/4821.jpg 281 500 3
72 400 129 454 -1 -1 -1 -1 -1 -1 -1 -1 -1 -1 -1 -1
# ./images/484.jpg 433 500 3
204 208 365 369 -1 -1 -1 -1 -1 -1 -1 -1 -1 -1 -1 -1
# ./images/4841.jpg 400 400 3
22 21 383 383 -1 -1 -1 -1 -1 -1 -1 -1 -1 -1 -1 -1
# ./images/4859.jpg 351 499 3
224 372 332 476 -1 -1 -1 -1 -1 -1 -1 -1 -1 -1 -1 -1
# ./images/487.jpg 332 500 3
238 389 314 464 -1 -1 -1 -1 -1 -1 -1 -1 -1 -1 -1 -1
# ./images/4889.jpg 280 499 3
102 321 182 401 -1 -1 -1 -1 -1 -1 -1 -1 -1 -1 -1 -1
# ./images/4959.jpg 433 500 3
177 141 357 323 -1 -1 -1 -1 -1 -1 -1 -1 -1 -1 -1 -1
# ./images/4972.jpg 312 499 3
1 1 57 58 -1 -1 -1 -1 -1 -1 -1 -1 -1 -1 -1 -1
# ./images/498.jpg 500 500 3
86 76 417 407 -1 -1 -1 -1 -1 -1 -1 -1 -1 -1 -1 -1
# ./images/4984.jpg 281 500 3
41 176 240 375 -1 -1 -1 -1 -1 -1 -1 -1 -1 -1 -1 -1
# ./images/50.jpg 281 500 3
44 180 238 374 -1 -1 -1 -1 -1 -1 -1 -1 -1 -1 -1 -1
# ./images/5007.jpg 312 500 3
107 339 206 434 -1 -1 -1 -1 -1 -1 -1 -1 -1 -1 -1 -1
# ./images/5029.jpg 280 499 3
102 321 179 402 -1 -1 -1 -1 -1 -1 -1 -1 -1 -1 -1 -1
# ./images/503.jpg 266 500 3
36 397 118 478 -1 -1 -1 -1 -1 -1 -1 -1 -1 -1 -1 -1
# ./images/5032.jpg 280 500 3
215 432 252 468 -1 -1 -1 -1 -1 -1 -1 -1 -1 -1 -1 -1
# ./images/5036.jpg 357 500 3
239 363 350 478 -1 -1 -1 -1 -1 -1 -1 -1 -1 -1 -1 -1
# ./images/5069.jpg 281 500 3
41 194 239 395 -1 -1 -1 -1 -1 -1 -1 -1 -1 -1 -1 -1
# ./images/5102.jpg 250 500 3
1 36 52 92 -1 -1 -1 -1 -1 -1 -1 -1 -1 -1 -1 -1
# ./images/5106.jpg 280 499 3
171 415 249 491 -1 -1 -1 -1 -1 -1 -1 -1 -1 -1 -1 -1
# ./images/5110.jpg 316 500 3
118 392 202 480 -1 -1 -1 -1 -1 -1 -1 -1 -1 -1 -1 -1
# ./images/515.jpg 281 500 3
18 407 92 483 -1 -1 -1 -1 -1 -1 -1 -1 -1 -1 -1 -1
# ./images/5151.jpg 313 500 3
79 418 156 491 -1 -1 -1 -1 -1 -1 -1 -1 -1 -1 -1 -1
# ./images/5158.jpg 433 500 3
175 252 381 461 -1 -1 -1 -1 -1 -1 -1 -1 -1 -1 -1 -1
# ./images/5183.jpg 282 500 3
139 1 193 54 -1 -1 -1 -1 -1 -1 -1 -1 -1 -1 -1 -1
# ./images/519.jpg 400 500 3
91 357 154 413 -1 -1 -1 -1 -1 -1 -1 -1 -1 -1 -1 -1
# ./images/5216.jpg 320 499 3
225 374 310 458 -1 -1 -1 -1 -1 -1 -1 -1 -1 -1 -1 -1
# ./images/5233.jpg 303 500 3
207 253 299 343 -1 -1 -1 -1 -1 -1 -1 -1 -1 -1 -1 -1
# ./images/5239.jpg 288 500 3
18 324 70 379 -1 -1 -1 -1 -1 -1 -1 -1 -1 -1 -1 -1
# ./images/5242.jpg 430 430 3
24 22 412 409 -1 -1 -1 -1 -1 -1 -1 -1 -1 -1 -1 -1
# ./images/5282.jpg 386 499 3
39 120 347 428 -1 -1 -1 -1 -1 -1 -1 -1 -1 -1 -1 -1
# ./images/53.jpg 430 430 3
27 27 404 403 -1 -1 -1 -1 -1 -1 -1 -1 -1 -1 -1 -1
# ./images/531.jpg 433 500 3
33 206 298 471 -1 -1 -1 -1 -1 -1 -1 -1 -1 -1 -1 -1
# ./images/5379.jpg 400 400 3
48 50 358 355 -1 -1 -1 -1 -1 -1 -1 -1 -1 -1 -1 -1
# ./images/5386.jpg 500 500 3
85 81 420 415 -1 -1 -1 -1 -1 -1 -1 -1 -1 -1 -1 -1
# ./images/5419.jpg 354 500 3
44 386 99 437 -1 -1 -1 -1 -1 -1 -1 -1 -1 -1 -1 -1
# ./images/5427.jpg 400 400 3
23 23 382 379 -1 -1 -1 -1 -1 -1 -1 -1 -1 -1 -1 -1
# ./images/5452.jpg 500 500 3
24 308 151 433 -1 -1 -1 -1 -1 -1 -1 -1 -1 -1 -1 -1
# ./images/5458.jpg 500 500 3
25 310 154 433 -1 -1 -1 -1 -1 -1 -1 -1 -1 -1 -1 -1
# ./images/5459.jpg 357 500 3
88 251 278 436 -1 -1 -1 -1 -1 -1 -1 -1 -1 -1 -1 -1
# ./images/5472.jpg 400 400 3
50 49 356 355 -1 -1 -1 -1 -1 -1 -1 -1 -1 -1 -1 -1
# ./images/5504.jpg 433 500 3
50 264 236 450 -1 -1 -1 -1 -1 -1 -1 -1 -1 -1 -1 -1
# ./images/5539.jpg 375 500 3
307 434 372 498 -1 -1 -1 -1 -1 -1 -1 -1 -1 -1 -1 -1
# ./images/5555.jpg 310 500 3
47 422 102 478 -1 -1 -1 -1 -1 -1 -1 -1 -1 -1 -1 -1
# ./images/5593.jpg 330 500 3
231 406 319 492 -1 -1 -1 -1 -1 -1 -1 -1 -1 -1 -1 -1
# ./images/560.jpg 281 500 3
18 408 95 482 -1 -1 -1 -1 -1 -1 -1 -1 -1 -1 -1 -1
# ./images/5612.jpg 500 500 3
96 103 172 175 -1 -1 -1 -1 -1 -1 -1 -1 -1 -1 -1 -1
# ./images/5629.jpg 313 500 3
79 418 153 492 -1 -1 -1 -1 -1 -1 -1 -1 -1 -1 -1 -1
# ./images/5640.jpg 500 281 3
428 205 492 268 -1 -1 -1 -1 -1 -1 -1 -1 -1 -1 -1 -1
# ./images/5645.jpg 433 500 3
117 79 382 342 -1 -1 -1 -1 -1 -1 -1 -1 -1 -1 -1 -1
# ./images/5659.jpg 400 400 3
22 18 380 379 -1 -1 -1 -1 -1 -1 -1 -1 -1 -1 -1 -1
# ./images/566.jpg 500 500 3
85 75 418 404 -1 -1 -1 -1 -1 -1 -1 -1 -1 -1 -1 -1
# ./images/5662.jpg 320 499 3
111 225 205 317 -1 -1 -1 -1 -1 -1 -1 -1 -1 -1 -1 -1
# ./images/5680.jpg 400 400 3
48 47 355 356 -1 -1 -1 -1 -1 -1 -1 -1 -1 -1 -1 -1
# ./images/569.jpg 280 499 3
116 380 171 434 -1 -1 -1 -1 -1 -1 -1 -1 -1 -1 -1 -1
# ./images/5698.jpg 289 500 3
95 317 195 418 -1 -1 -1 -1 -1 -1 -1 -1 -1 -1 -1 -1
# ./images/5703.jpg 400 400 3
50 50 353 355 -1 -1 -1 -1 -1 -1 -1 -1 -1 -1 -1 -1
# ./images/5712.jpg 241 500 3
15 351 115 450 -1 -1 -1 -1 -1 -1 -1 -1 -1 -1 -1 -1
# ./images/5714.jpg 433 500 3
224 282 387 445 -1 -1 -1 -1 -1 -1 -1 -1 -1 -1 -1 -1
# ./images/5718.jpg 280 499 3
203 449 244 490 -1 -1 -1 -1 -1 -1 -1 -1 -1 -1 -1 -1
# ./images/5732.jpg 500 250 3
438 187 495 244 -1 -1 -1 -1 -1 -1 -1 -1 -1 -1 -1 -1
# ./images/5734.jpg 280 499 3
39 188 240 392 -1 -1 -1 -1 -1 -1 -1 -1 -1 -1 -1 -1
# ./images/5744.jpg 281 500 3
65 371 135 435 -1 -1 -1 -1 -1 -1 -1 -1 -1 -1 -1 -1
# ./images/577.jpg 415 500 3
132 160 295 320 -1 -1 -1 -1 -1 -1 -1 -1 -1 -1 -1 -1
# ./images/5807.jpg 500 500 3
299 313 462 480 -1 -1 -1 -1 -1 -1 -1 -1 -1 -1 -1 -1
# ./images/5820.jpg 500 500 3
1 2 500 500 -1 -1 -1 -1 -1 -1 -1 -1 -1 -1 -1 -1
# ./images/5841.jpg 281 500 3
101 320 188 409 -1 -1 -1 -1 -1 -1 -1 -1 -1 -1 -1 -1
# ./images/5854.jpg 280 500 3
75 315 209 447 -1 -1 -1 -1 -1 -1 -1 -1 -1 -1 -1 -1
# ./images/5859.jpg 367 500 3
93 120 277 305 -1 -1 -1 -1 -1 -1 -1 -1 -1 -1 -1 -1
# ./images/5861.jpg 500 500 3
23 24 479 482 -1 -1 -1 -1 -1 -1 -1 -1 -1 -1 -1 -1
# ./images/5864.jpg 280 500 3
148 431 192 476 -1 -1 -1 -1 -1 -1 -1 -1 -1 -1 -1 -1
# ./images/5877.jpg 281 500 3
181 380 267 466 -1 -1 -1 -1 -1 -1 -1 -1 -1 -1 -1 -1
# ./images/5892.jpg 375 500 3
198 307 322 434 -1 -1 -1 -1 -1 -1 -1 -1 -1 -1 -1 -1
# ./images/5948.jpg 300 500 3
186 416 263 489 -1 -1 -1 -1 -1 -1 -1 -1 -1 -1 -1 -1
# ./images/5951.jpg 222 500 3
88 425 138 474 -1 -1 -1 -1 -1 -1 -1 -1 -1 -1 -1 -1
# ./images/5981.jpg 423 499 3
319 401 405 492 -1 -1 -1 -1 -1 -1 -1 -1 -1 -1 -1 -1
# ./images/6.jpg 376 500 3
42 131 333 422 -1 -1 -1 -1 -1 -1 -1 -1 -1 -1 -1 -1
# ./images/6006.jpg 281 500 3
55 203 228 372 -1 -1 -1 -1 -1 -1 -1 -1 -1 -1 -1 -1
# ./images/601.jpg 421 500 3
32 115 260 339 -1 -1 -1 -1 -1 -1 -1 -1 -1 -1 -1 -1
# ./images/6012.jpg 500 500 3
306 265 487 450 -1 -1 -1 -1 -1 -1 -1 -1 -1 -1 -1 -1
# ./images/6018.jpg 300 500 3
98 350 203 454 -1 -1 -1 -1 -1 -1 -1 -1 -1 -1 -1 -1
# ./images/6023.jpg 433 500 3
88 295 272 482 -1 -1 -1 -1 -1 -1 -1 -1 -1 -1 -1 -1
# ./images/6043.jpg 351 499 3
224 369 335 477 -1 -1 -1 -1 -1 -1 -1 -1 -1 -1 -1 -1
# ./images/6045.jpg 375 499 3
132 279 242 387 -1 -1 -1 -1 -1 -1 -1 -1 -1 -1 -1 -1
# ./images/6050.jpg 150 150 3
26 26 124 123 -1 -1 -1 -1 -1 -1 -1 -1 -1 -1 -1 -1
# ./images/6053.jpg 281 500 3
208 408 275 473 -1 -1 -1 -1 -1 -1 -1 -1 -1 -1 -1 -1
# ./images/606.jpg 343 500 3
238 283 311 351 -1 -1 -1 -1 -1 -1 -1 -1 -1 -1 -1 -1
# ./images/6078.jpg 357 500 3
243 375 339 470 -1 -1 -1 -1 -1 -1 -1 -1 -1 -1 -1 -1
# ./images/6100.jpg 281 500 3
25 192 255 391 -1 -1 -1 -1 -1 -1 -1 -1 -1 -1 -1 -1
# ./images/611.jpg 500 500 3
1 1 500 497 -1 -1 -1 -1 -1 -1 -1 -1 -1 -1 -1 -1
# ./images/642.jpg 386 499 3
40 120 350 427 -1 -1 -1 -1 -1 -1 -1 -1 -1 -1 -1 -1
# ./images/649.jpg 500 281 3
414 185 481 249 -1 -1 -1 -1 -1 -1 -1 -1 -1 -1 -1 -1
# ./images/683.jpg 312 500 3
109 339 206 434 -1 -1 -1 -1 -1 -1 -1 -1 -1 -1 -1 -1
# ./images/709.jpg 351 499 3
225 371 334 478 -1 -1 -1 -1 -1 -1 -1 -1 -1 -1 -1 -1
# ./images/710.jpg 339 500 3
25 335 126 429 -1 -1 -1 -1 -1 -1 -1 -1 -1 -1 -1 -1
# ./images/712.jpg 351 499 3
226 372 333 478 -1 -1 -1 -1 -1 -1 -1 -1 -1 -1 -1 -1
# ./images/713.jpg 281 500 3
205 411 281 486 -1 -1 -1 -1 -1 -1 -1 -1 -1 -1 -1 -1
# ./images/715.jpg 281 500 3
198 419 275 496 -1 -1 -1 -1 -1 -1 -1 -1 -1 -1 -1 -1
# ./images/723.jpg 500 500 3
23 309 153 433 -1 -1 -1 -1 -1 -1 -1 -1 -1 -1 -1 -1
# ./images/733.jpg 500 375 3
374 248 495 369 -1 -1 -1 -1 -1 -1 -1 -1 -1 -1 -1 -1
# ./images/734.jpg 433 500 3
65 191 263 389 -1 -1 -1 -1 -1 -1 -1 -1 -1 -1 -1 -1
# ./images/740.jpg 375 500 3
54 132 319 400 -1 -1 -1 -1 -1 -1 -1 -1 -1 -1 -1 -1
# ./images/744.jpg 500 500 3
9 262 242 492 -1 -1 -1 -1 -1 -1 -1 -1 -1 -1 -1 -1
# ./images/754.jpg 450 500 3
63 273 155 366 -1 -1 -1 -1 -1 -1 -1 -1 -1 -1 -1 -1
# ./images/756.jpg 353 500 3
254 123 338 214 -1 -1 -1 -1 -1 -1 -1 -1 -1 -1 -1 -1
# ./images/786.jpg 375 500 3
78 92 145 158 -1 -1 -1 -1 -1 -1 -1 -1 -1 -1 -1 -1
# ./images/801.jpg 500 500 3
201 213 299 311 -1 -1 -1 -1 -1 -1 -1 -1 -1 -1 -1 -1
# ./images/81.jpg 311 500 3
213 414 273 473 -1 -1 -1 -1 -1 -1 -1 -1 -1 -1 -1 -1
# ./images/83.jpg 281 500 3
200 416 257 475 -1 -1 -1 -1 -1 -1 -1 -1 -1 -1 -1 -1
# ./images/833.jpg 280 500 3
210 419 277 484 -1 -1 -1 -1 -1 -1 -1 -1 -1 -1 -1 -1
# ./images/837.jpg 433 500 3
99 12 302 216 -1 -1 -1 -1 -1 -1 -1 -1 -1 -1 -1 -1
# ./images/840.jpg 281 499 3
20 404 99 484 -1 -1 -1 -1 -1 -1 -1 -1 -1 -1 -1 -1
# ./images/843.jpg 428 500 3
4 358 120 475 -1 -1 -1 -1 -1 -1 -1 -1 -1 -1 -1 -1
# ./images/845.jpg 361 500 3
241 376 349 483 -1 -1 -1 -1 -1 -1 -1 -1 -1 -1 -1 -1
# ./images/847.jpg 376 500 3
40 126 336 423 -1 -1 -1 -1 -1 -1 -1 -1 -1 -1 -1 -1
# ./images/879.jpg 333 500 3
264 15 322 71 -1 -1 -1 -1 -1 -1 -1 -1 -1 -1 -1 -1
# ./images/936.jpg 500 500 3
51 329 151 428 -1 -1 -1 -1 -1 -1 -1 -1 -1 -1 -1 -1
# ./images/938.jpg 500 281 3
432 202 496 264 -1 -1 -1 -1 -1 -1 -1 -1 -1 -1 -1 -1
# ./images/990.jpg 400 400 3
49 50 354 354 -1 -1 -1 -1 -1 -1 -1 -1 -1 -1 -1 -1
# ./images/992.jpg 500 281 3
437 217 498 279 -1 -1 -1 -1 -1 -1 -1 -1 -1 -1 -1 -1
# ./images/10013.jpg 326 500 3
242 419 323 500 -1 -1 -1 -1 -1 -1 -1 -1 -1 -1 -1 -1
# ./images/10038.jpg 332 500 3
112 258 218 369 -1 -1 -1 -1 -1 -1 -1 -1 -1 -1 -1 -1
# ./images/10048.jpg 281 500 3
75 322 207 453 -1 -1 -1 -1 -1 -1 -1 -1 -1 -1 -1 -1
# ./images/10049.jpg 313 500 3
81 422 150 491 -1 -1 -1 -1 -1 -1 -1 -1 -1 -1 -1 -1
# ./images/10065.jpg 500 315 3
138 88 358 309 -1 -1 -1 -1 -1 -1 -1 -1 -1 -1 -1 -1
# ./images/10069.jpg 500 500 3
272 227 376 332 -1 -1 -1 -1 -1 -1 -1 -1 -1 -1 -1 -1
# ./images/10078.jpg 500 247 3
397 143 497 243 -1 -1 -1 -1 -1 -1 -1 -1 -1 -1 -1 -1
# ./images/10093.jpg 281 500 3
13 13 74 74 -1 -1 -1 -1 -1 -1 -1 -1 -1 -1 -1 -1
# ./images/10153.jpg 500 500 3
216 392 306 483 -1 -1 -1 -1 -1 -1 -1 -1 -1 -1 -1 -1
# ./images/10172.jpg 351 499 3
227 373 332 477 -1 -1 -1 -1 -1 -1 -1 -1 -1 -1 -1 -1
# ./images/10182.jpg 281 500 3
31 383 78 432 -1 -1 -1 -1 -1 -1 -1 -1 -1 -1 -1 -1
# ./images/10184.jpg 313 500 3
81 422 151 491 -1 -1 -1 -1 -1 -1 -1 -1 -1 -1 -1 -1
# ./images/10185.jpg 311 500 3
186 167 245 225 -1 -1 -1 -1 -1 -1 -1 -1 -1 -1 -1 -1
# ./images/10197.jpg 351 499 3
226 372 331 477 -1 -1 -1 -1 -1 -1 -1 -1 -1 -1 -1 -1
# ./images/10215.jpg 500 500 3
200 370 299 467 -1 -1 -1 -1 -1 -1 -1 -1 -1 -1 -1 -1
# ./images/10225.jpg 364 500 3
149 406 219 476 -1 -1 -1 -1 -1 -1 -1 -1 -1 -1 -1 -1
# ./images/10227.jpg 358 500 3
45 145 316 414 -1 -1 -1 -1 -1 -1 -1 -1 -1 -1 -1 -1
# ./images/10275.jpg 281 500 3
96 369 182 456 -1 -1 -1 -1 -1 -1 -1 -1 -1 -1 -1 -1
# ./images/10299.jpg 281 500 3
102 413 179 490 -1 -1 -1 -1 -1 -1 -1 -1 -1 -1 -1 -1
# ./images/10338.jpg 433 500 3
158 96 397 336 -1 -1 -1 -1 -1 -1 -1 -1 -1 -1 -1 -1
# ./images/10344.jpg 281 500 3
13 13 74 73 -1 -1 -1 -1 -1 -1 -1 -1 -1 -1 -1 -1
# ./images/10380.jpg 400 400 3
36 34 370 368 -1 -1 -1 -1 -1 -1 -1 -1 -1 -1 -1 -1
# ./images/10397.jpg 433 500 3
241 307 397 463 -1 -1 -1 -1 -1 -1 -1 -1 -1 -1 -1 -1
# ./images/10399.jpg 281 500 3
205 412 279 485 -1 -1 -1 -1 -1 -1 -1 -1 -1 -1 -1 -1
# ./images/10417.jpg 410 500 3
44 149 368 471 -1 -1 -1 -1 -1 -1 -1 -1 -1 -1 -1 -1
# ./images/10419.jpg 500 281 3
412 191 473 253 -1 -1 -1 -1 -1 -1 -1 -1 -1 -1 -1 -1
# ./images/10432.jpg 433 500 3
57 48 256 245 -1 -1 -1 -1 -1 -1 -1 -1 -1 -1 -1 -1
# ./images/10443.jpg 429 499 3
15 361 120 466 -1 -1 -1 -1 -1 -1 -1 -1 -1 -1 -1 -1
# ./images/10458.jpg 376 500 3
42 131 334 421 -1 -1 -1 -1 -1 -1 -1 -1 -1 -1 -1 -1
# ./images/10466.jpg 281 500 3
68 289 212 434 -1 -1 -1 -1 -1 -1 -1 -1 -1 -1 -1 -1
# ./images/10467.jpg 375 500 3
138 284 237 382 -1 -1 -1 -1 -1 -1 -1 -1 -1 -1 -1 -1
# ./images/10479.jpg 351 500 3
238 372 338 470 -1 -1 -1 -1 -1 -1 -1 -1 -1 -1 -1 -1
# ./images/10481.jpg 433 500 3
229 248 387 407 -1 -1 -1 -1 -1 -1 -1 -1 -1 -1 -1 -1
# ./images/10483.jpg 500 281 3
387 167 490 268 -1 -1 -1 -1 -1 -1 -1 -1 -1 -1 -1 -1
# ./images/10509.jpg 500 280 3
438 216 497 276 -1 -1 -1 -1 -1 -1 -1 -1 -1 -1 -1 -1
# ./images/10517.jpg 493 500 3
21 26 471 476 -1 -1 -1 -1 -1 -1 -1 -1 -1 -1 -1 -1
# ./images/10533.jpg 499 281 3
433 200 481 251 -1 -1 -1 -1 -1 -1 -1 -1 -1 -1 -1 -1
# ./images/10534.jpg 500 500 3
105 82 402 379 -1 -1 -1 -1 -1 -1 -1 -1 -1 -1 -1 -1
# ./images/10553.jpg 270 499 3
198 308 245 354 -1 -1 -1 -1 -1 -1 -1 -1 -1 -1 -1 -1
# ./images/10564.jpg 400 400 3
51 51 353 354 -1 -1 -1 -1 -1 -1 -1 -1 -1 -1 -1 -1
# ./images/10571.jpg 500 375 3
217 201 395 343 -1 -1 -1 -1 -1 -1 -1 -1 -1 -1 -1 -1
# ./images/10573.jpg 433 500 3
108 78 285 254 -1 -1 -1 -1 -1 -1 -1 -1 -1 -1 -1 -1
# ./images/10582.jpg 325 499 3
15 13 86 85 -1 -1 -1 -1 -1 -1 -1 -1 -1 -1 -1 -1
# ./images/10588.jpg 500 500 3
368 214 488 332 -1 -1 -1 -1 -1 -1 -1 -1 -1 -1 -1 -1
# ./images/10589.jpg 500 281 3
442 10 488 59 -1 -1 -1 -1 -1 -1 -1 -1 -1 -1 -1 -1
# ./images/10607.jpg 335 499 3
229 366 311 449 -1 -1 -1 -1 -1 -1 -1 -1 -1 -1 -1 -1
# ./images/10645.jpg 280 499 3
174 418 247 487 -1 -1 -1 -1 -1 -1 -1 -1 -1 -1 -1 -1
# ./images/10646.jpg 499 281 3
436 218 495 276 -1 -1 -1 -1 -1 -1 -1 -1 -1 -1 -1 -1
# ./images/10675.jpg 281 500 3
215 14 264 62 -1 -1 -1 -1 -1 -1 -1 -1 -1 -1 -1 -1
# ./images/10680.jpg 376 500 3
42 130 335 422 -1 -1 -1 -1 -1 -1 -1 -1 -1 -1 -1 -1
# ./images/10732.jpg 499 500 3
183 161 318 288 -1 -1 -1 -1 -1 -1 -1 -1 -1 -1 -1 -1
# ./images/10753.jpg 272 499 3
211 430 256 477 -1 -1 -1 -1 -1 -1 -1 -1 -1 -1 -1 -1
# ./images/10791.jpg 355 500 3
133 239 229 335 -1 -1 -1 -1 -1 -1 -1 -1 -1 -1 -1 -1
# ./images/10792.jpg 349 500 3
221 371 320 470 -1 -1 -1 -1 -1 -1 -1 -1 -1 -1 -1 -1
# ./images/10803.jpg 281 500 3
41 436 97 493 -1 -1 -1 -1 -1 -1 -1 -1 -1 -1 -1 -1
# ./images/10827.jpg 400 400 3
25 24 379 375 -1 -1 -1 -1 -1 -1 -1 -1 -1 -1 -1 -1
# ./images/10841.jpg 285 500 3
186 407 216 439 -1 -1 -1 -1 -1 -1 -1 -1 -1 -1 -1 -1
# ./images/10866.jpg 271 500 3
25 414 86 476 -1 -1 -1 -1 -1 -1 -1 -1 -1 -1 -1 -1
# ./images/10878.jpg 433 500 3
44 32 262 253 -1 -1 -1 -1 -1 -1 -1 -1 -1 -1 -1 -1
# ./images/10882.jpg 500 281 3
390 179 439 228 -1 -1 -1 -1 -1 -1 -1 -1 -1 -1 -1 -1
# ./images/10883.jpg 500 375 3
376 246 500 373 -1 -1 -1 -1 -1 -1 -1 -1 -1 -1 -1 -1
# ./images/10888.jpg 333 500 3
219 422 250 453 -1 -1 -1 -1 -1 -1 -1 -1 -1 -1 -1 -1
# ./images/10891.jpg 450 500 3
64 274 154 364 -1 -1 -1 -1 -1 -1 -1 -1 -1 -1 -1 -1
# ./images/10892.jpg 332 499 3
248 396 314 457 -1 -1 -1 -1 -1 -1 -1 -1 -1 -1 -1 -1
# ./images/10893.jpg 358 500 3
46 145 314 414 -1 -1 -1 -1 -1 -1 -1 -1 -1 -1 -1 -1
# ./images/10913.jpg 500 375 3
10 262 76 328 -1 -1 -1 -1 -1 -1 -1 -1 -1 -1 -1 -1
# ./images/10916.jpg 500 500 3
311 270 482 443 -1 -1 -1 -1 -1 -1 -1 -1 -1 -1 -1 -1
# ./images/10935.jpg 281 500 3
18 389 76 448 -1 -1 -1 -1 -1 -1 -1 -1 -1 -1 -1 -1
# ./images/10952.jpg 446 500 3
142 408 230 496 -1 -1 -1 -1 -1 -1 -1 -1 -1 -1 -1 -1
# ./images/10959.jpg 333 500 3
64 358 149 445 -1 -1 -1 -1 -1 -1 -1 -1 -1 -1 -1 -1
# ./images/10974.jpg 433 500 3
33 47 211 226 -1 -1 -1 -1 -1 -1 -1 -1 -1 -1 -1 -1
# ./images/10983.jpg 281 500 3
38 188 243 388 -1 -1 -1 -1 -1 -1 -1 -1 -1 -1 -1 -1
# ./images/11008.jpg 258 500 3
187 398 241 451 -1 -1 -1 -1 -1 -1 -1 -1 -1 -1 -1 -1
# ./images/11027.jpg 281 500 3
41 436 98 494 -1 -1 -1 -1 -1 -1 -1 -1 -1 -1 -1 -1
# ./images/11054.jpg 356 500 3
113 272 243 400 -1 -1 -1 -1 -1 -1 -1 -1 -1 -1 -1 -1
# ./images/11062.jpg 289 500 3
97 319 192 415 -1 -1 -1 -1 -1 -1 -1 -1 -1 -1 -1 -1
# ./images/11097.jpg 281 500 3
43 197 238 391 -1 -1 -1 -1 -1 -1 -1 -1 -1 -1 -1 -1
# ./images/11103.jpg 500 500 3
11 359 143 492 -1 -1 -1 -1 -1 -1 -1 -1 -1 -1 -1 -1
# ./images/11108.jpg 500 500 3
3 1 496 496 -1 -1 -1 -1 -1 -1 -1 -1 -1 -1 -1 -1
# ./images/11121.jpg 280 500 3
77 316 207 446 -1 -1 -1 -1 -1 -1 -1 -1 -1 -1 -1 -1
# ./images/11128.jpg 433 500 3
56 16 272 231 -1 -1 -1 -1 -1 -1 -1 -1 -1 -1 -1 -1
# ./images/11140.jpg 280 499 3
146 427 208 490 -1 -1 -1 -1 -1 -1 -1 -1 -1 -1 -1 -1
# ./images/11152.jpg 500 500 3
29 27 474 472 -1 -1 -1 -1 -1 -1 -1 -1 -1 -1 -1 -1
# ./images/11156.jpg 433 500 3
66 120 284 337 -1 -1 -1 -1 -1 -1 -1 -1 -1 -1 -1 -1
# ./images/11160.jpg 500 281 3
438 217 496 275 -1 -1 -1 -1 -1 -1 -1 -1 -1 -1 -1 -1
# ./images/11161.jpg 500 500 3
31 27 162 158 -1 -1 -1 -1 -1 -1 -1 -1 -1 -1 -1 -1
# ./images/11168.jpg 358 500 3
202 161 313 273 -1 -1 -1 -1 -1 -1 -1 -1 -1 -1 -1 -1
# ./images/11170.jpg 376 500 3
43 130 334 420 -1 -1 -1 -1 -1 -1 -1 -1 -1 -1 -1 -1
# ./images/11199.jpg 400 400 3
51 52 351 352 -1 -1 -1 -1 -1 -1 -1 -1 -1 -1 -1 -1
# ./images/11210.jpg 499 280 3
388 159 447 218 -1 -1 -1 -1 -1 -1 -1 -1 -1 -1 -1 -1
# ./images/11237.jpg 375 500 3
140 197 222 280 -1 -1 -1 -1 -1 -1 -1 -1 -1 -1 -1 -1
# ./images/11248.jpg 500 500 3
30 32 470 470 -1 -1 -1 -1 -1 -1 -1 -1 -1 -1 -1 -1
# ./images/11270.jpg 500 500 3
375 374 475 473 -1 -1 -1 -1 -1 -1 -1 -1 -1 -1 -1 -1
# ./images/11278.jpg 433 500 3
219 265 398 441 -1 -1 -1 -1 -1 -1 -1 -1 -1 -1 -1 -1
# ./images/11297.jpg 499 281 3
433 209 491 270 -1 -1 -1 -1 -1 -1 -1 -1 -1 -1 -1 -1
# ./images/11305.jpg 324 500 3
21 415 88 483 -1 -1 -1 -1 -1 -1 -1 -1 -1 -1 -1 -1
# ./images/11307.jpg 280 500 3
188 448 236 496 -1 -1 -1 -1 -1 -1 -1 -1 -1 -1 -1 -1
# ./images/11320.jpg 500 277 3
2 122 154 274 -1 -1 -1 -1 -1 -1 -1 -1 -1 -1 -1 -1
# ./images/11321.jpg 400 400 3
51 52 353 353 -1 -1 -1 -1 -1 -1 -1 -1 -1 -1 -1 -1
# ./images/11337.jpg 386 499 3
42 123 344 425 -1 -1 -1 -1 -1 -1 -1 -1 -1 -1 -1 -1
# ./images/11356.jpg 281 500 3
43 163 241 361 -1 -1 -1 -1 -1 -1 -1 -1 -1 -1 -1 -1
# ./images/11364.jpg 309 500 3
110 373 197 461 -1 -1 -1 -1 -1 -1 -1 -1 -1 -1 -1 -1
# ./images/11366.jpg 320 499 3
116 228 204 316 -1 -1 -1 -1 -1 -1 -1 -1 -1 -1 -1 -1
# ./images/11368.jpg 500 500 3
108 312 229 431 -1 -1 -1 -1 -1 -1 -1 -1 -1 -1 -1 -1
# ./images/11389.jpg 500 281 3
291 97 365 170 -1 -1 -1 -1 -1 -1 -1 -1 -1 -1 -1 -1
# ./images/11402.jpg 386 499 3
95 175 296 379 -1 -1 -1 -1 -1 -1 -1 -1 -1 -1 -1 -1
# ./images/11404.jpg 433 500 3
100 312 258 468 -1 -1 -1 -1 -1 -1 -1 -1 -1 -1 -1 -1
# ./images/11406.jpg 400 400 3
24 24 376 378 -1 -1 -1 -1 -1 -1 -1 -1 -1 -1 -1 -1
# ./images/11407.jpg 281 500 3
20 410 91 481 -1 -1 -1 -1 -1 -1 -1 -1 -1 -1 -1 -1
# ./images/11409.jpg 281 500 3
95 373 185 462 -1 -1 -1 -1 -1 -1 -1 -1 -1 -1 -1 -1
# ./images/11443.jpg 281 500 3
101 412 180 491 -1 -1 -1 -1 -1 -1 -1 -1 -1 -1 -1 -1
# ./images/11453.jpg 281 500 3
3 84 53 134 -1 -1 -1 -1 -1 -1 -1 -1 -1 -1 -1 -1
# ./images/11467.jpg 433 500 3
116 298 293 476 -1 -1 -1 -1 -1 -1 -1 -1 -1 -1 -1 -1
# ./images/11472.jpg 281 500 3
164 384 262 479 -1 -1 -1 -1 -1 -1 -1 -1 -1 -1 -1 -1
# ./images/11498.jpg 400 400 3
25 24 377 378 -1 -1 -1 -1 -1 -1 -1 -1 -1 -1 -1 -1
# ./images/11505.jpg 433 500 3
97 55 315 272 -1 -1 -1 -1 -1 -1 -1 -1 -1 -1 -1 -1
# ./images/11508.jpg 450 500 3
87 305 158 377 -1 -1 -1 -1 -1 -1 -1 -1 -1 -1 -1 -1
# ./images/11522.jpg 500 499 3
184 116 323 254 -1 -1 -1 -1 -1 -1 -1 -1 -1 -1 -1 -1
# ./images/11525.jpg 433 500 3
194 317 351 471 -1 -1 -1 -1 -1 -1 -1 -1 -1 -1 -1 -1
# ./images/11526.jpg 280 499 3
108 361 172 424 -1 -1 -1 -1 -1 -1 -1 -1 -1 -1 -1 -1
# ./images/11537.jpg 386 499 3
42 122 344 425 -1 -1 -1 -1 -1 -1 -1 -1 -1 -1 -1 -1
# ./images/11552.jpg 433 500 3
181 244 399 463 -1 -1 -1 -1 -1 -1 -1 -1 -1 -1 -1 -1
# ./images/11576.jpg 500 281 3
407 187 496 278 -1 -1 -1 -1 -1 -1 -1 -1 -1 -1 -1 -1
# ./images/11605.jpg 375 500 3
21 146 62 183 -1 -1 -1 -1 -1 -1 -1 -1 -1 -1 -1 -1
# ./images/11606.jpg 281 500 3
216 7 270 63 -1 -1 -1 -1 -1 -1 -1 -1 -1 -1 -1 -1
# ./images/11607.jpg 433 500 3
150 299 329 475 -1 -1 -1 -1 -1 -1 -1 -1 -1 -1 -1 -1
# ./images/11620.jpg 500 281 3
430 192 481 246 -1 -1 -1 -1 -1 -1 -1 -1 -1 -1 -1 -1
# ./images/11642.jpg 385 499 3
281 397 360 475 -1 -1 -1 -1 -1 -1 -1 -1 -1 -1 -1 -1
# ./images/11643.jpg 281 500 3
13 13 74 73 -1 -1 -1 -1 -1 -1 -1 -1 -1 -1 -1 -1
# ./images/11670.jpg 377 500 3
79 203 291 417 -1 -1 -1 -1 -1 -1 -1 -1 -1 -1 -1 -1
# ./images/11678.jpg 433 500 3
52 157 235 341 -1 -1 -1 -1 -1 -1 -1 -1 -1 -1 -1 -1
# ./images/11699.jpg 500 500 3
27 311 147 432 -1 -1 -1 -1 -1 -1 -1 -1 -1 -1 -1 -1
# ./images/11708.jpg 375 500 3
242 370 364 491 -1 -1 -1 -1 -1 -1 -1 -1 -1 -1 -1 -1
# ./images/11715.jpg 280 500 3
78 316 205 445 -1 -1 -1 -1 -1 -1 -1 -1 -1 -1 -1 -1
# ./images/11719.jpg 281 500 3
63 214 120 271 -1 -1 -1 -1 -1 -1 -1 -1 -1 -1 -1 -1
# ./images/11728.jpg 357 499 3
15 352 120 456 -1 -1 -1 -1 -1 -1 -1 -1 -1 -1 -1 -1
# ./images/11738.jpg 281 500 3
85 312 199 429 -1 -1 -1 -1 -1 -1 -1 -1 -1 -1 -1 -1
# ./images/11771.jpg 500 500 3
29 313 147 430 -1 -1 -1 -1 -1 -1 -1 -1 -1 -1 -1 -1
# ./images/11799.jpg 353 500 3
288 435 327 474 -1 -1 -1 -1 -1 -1 -1 -1 -1 -1 -1 -1
# ./images/11816.jpg 500 500 3
29 312 147 430 -1 -1 -1 -1 -1 -1 -1 -1 -1 -1 -1 -1
# ./images/11856.jpg 84 92 3
16 24 69 77 -1 -1 -1 -1 -1 -1 -1 -1 -1 -1 -1 -1
# ./images/11880.jpg 500 500 3
51 330 149 427 -1 -1 -1 -1 -1 -1 -1 -1 -1 -1 -1 -1
# ./images/11895.jpg 500 500 3
32 31 470 470 -1 -1 -1 -1 -1 -1 -1 -1 -1 -1 -1 -1
# ./images/11914.jpg 280 499 3
74 226 207 359 -1 -1 -1 -1 -1 -1 -1 -1 -1 -1 -1 -1
# ./images/11925.jpg 500 294 3
434 217 496 281 -1 -1 -1 -1 -1 -1 -1 -1 -1 -1 -1 -1
# ./images/11954.jpg 500 500 3
376 374 474 473 -1 -1 -1 -1 -1 -1 -1 -1 -1 -1 -1 -1
# ./images/11961.jpg 360 500 3
112 310 233 434 -1 -1 -1 -1 -1 -1 -1 -1 -1 -1 -1 -1
# ./images/11992.jpg 333 500 3
135 60 211 137 -1 -1 -1 -1 -1 -1 -1 -1 -1 -1 -1 -1
# ./images/12003.jpg 500 500 3
359 344 472 456 -1 -1 -1 -1 -1 -1 -1 -1 -1 -1 -1 -1
# ./images/12011.jpg 500 500 3
196 362 303 472 -1 -1 -1 -1 -1 -1 -1 -1 -1 -1 -1 -1
# ./images/6123.jpg 500 500 3
30 286 171 427 -1 -1 -1 -1 -1 -1 -1 -1 -1 -1 -1 -1
# ./images/6125.jpg 222 500 3
170 263 200 294 -1 -1 -1 -1 -1 -1 -1 -1 -1 -1 -1 -1
# ./images/6150.jpg 467 500 3
88 369 179 460 -1 -1 -1 -1 -1 -1 -1 -1 -1 -1 -1 -1
# ./images/6165.jpg 500 500 3
30 312 148 430 -1 -1 -1 -1 -1 -1 -1 -1 -1 -1 -1 -1
# ./images/6174.jpg 281 500 3
13 13 74 73 -1 -1 -1 -1 -1 -1 -1 -1 -1 -1 -1 -1
# ./images/6210.jpg 302 500 3
205 331 281 407 -1 -1 -1 -1 -1 -1 -1 -1 -1 -1 -1 -1
# ./images/6212.jpg 500 281 3
449 228 496 276 -1 -1 -1 -1 -1 -1 -1 -1 -1 -1 -1 -1
# ./images/6216.jpg 433 500 3
69 45 327 306 -1 -1 -1 -1 -1 -1 -1 -1 -1 -1 -1 -1
# ./images/6223.jpg 433 500 3
14 92 270 348 -1 -1 -1 -1 -1 -1 -1 -1 -1 -1 -1 -1
# ./images/6233.jpg 280 499 3
106 377 176 446 -1 -1 -1 -1 -1 -1 -1 -1 -1 -1 -1 -1
# ./images/6247.jpg 312 500 3
111 342 202 434 -1 -1 -1 -1 -1 -1 -1 -1 -1 -1 -1 -1
# ./images/6267.jpg 281 500 3
32 395 107 470 -1 -1 -1 -1 -1 -1 -1 -1 -1 -1 -1 -1
# ./images/6268.jpg 351 499 3
226 373 332 478 -1 -1 -1 -1 -1 -1 -1 -1 -1 -1 -1 -1
# ./images/6293.jpg 281 500 3
107 82 265 240 -1 -1 -1 -1 -1 -1 -1 -1 -1 -1 -1 -1
# ./images/6297.jpg 500 281 3
383 165 490 271 -1 -1 -1 -1 -1 -1 -1 -1 -1 -1 -1 -1
# ./images/6300.jpg 333 500 3
246 399 311 464 -1 -1 -1 -1 -1 -1 -1 -1 -1 -1 -1 -1
# ./images/6334.jpg 374 500 3
194 67 364 237 -1 -1 -1 -1 -1 -1 -1 -1 -1 -1 -1 -1
# ./images/6414.jpg 281 500 3
119 191 156 229 -1 -1 -1 -1 -1 -1 -1 -1 -1 -1 -1 -1
179 196 224 234 -1 -1 -1 -1 -1 -1 -1 -1 -1 -1 -1 -1
# ./images/6421.jpg 353 500 3
275 416 333 474 -1 -1 -1 -1 -1 -1 -1 -1 -1 -1 -1 -1
# ./images/6424.jpg 433 500 3
63 179 245 363 -1 -1 -1 -1 -1 -1 -1 -1 -1 -1 -1 -1
# ./images/6429.jpg 450 500 3
90 307 163 377 -1 -1 -1 -1 -1 -1 -1 -1 -1 -1 -1 -1
# ./images/6433.jpg 433 500 3
138 9 296 168 -1 -1 -1 -1 -1 -1 -1 -1 -1 -1 -1 -1
# ./images/6435.jpg 500 500 3
35 379 140 481 -1 -1 -1 -1 -1 -1 -1 -1 -1 -1 -1 -1
# ./images/6471.jpg 371 500 3
31 139 345 452 -1 -1 -1 -1 -1 -1 -1 -1 -1 -1 -1 -1
# ./images/6518.jpg 500 500 3
54 391 115 452 -1 -1 -1 -1 -1 -1 -1 -1 -1 -1 -1 -1
# ./images/6536.jpg 500 280 3
382 162 496 278 -1 -1 -1 -1 -1 -1 -1 -1 -1 -1 -1 -1
# ./images/6581.jpg 375 500 3
117 212 150 249 -1 -1 -1 -1 -1 -1 -1 -1 -1 -1 -1 -1
# ./images/6591.jpg 500 500 3
417 415 496 496 -1 -1 -1 -1 -1 -1 -1 -1 -1 -1 -1 -1
# ./images/6613.jpg 353 500 3
81 422 129 468 -1 -1 -1 -1 -1 -1 -1 -1 -1 -1 -1 -1
# ./images/6624.jpg 281 500 3
46 205 235 395 -1 -1 -1 -1 -1 -1 -1 -1 -1 -1 -1 -1
# ./images/6638.jpg 400 400 3
40 39 363 362 -1 -1 -1 -1 -1 -1 -1 -1 -1 -1 -1 -1
# ./images/6642.jpg 500 500 3
10 383 117 491 -1 -1 -1 -1 -1 -1 -1 -1 -1 -1 -1 -1
# ./images/6667.jpg 400 400 3
53 52 352 352 -1 -1 -1 -1 -1 -1 -1 -1 -1 -1 -1 -1
# ./images/6682.jpg 430 430 3
27 26 404 403 -1 -1 -1 -1 -1 -1 -1 -1 -1 -1 -1 -1
# ./images/6685.jpg 400 400 3
51 52 352 352 -1 -1 -1 -1 -1 -1 -1 -1 -1 -1 -1 -1
# ./images/6689.jpg 357 500 3
238 366 348 476 -1 -1 -1 -1 -1 -1 -1 -1 -1 -1 -1 -1
# ./images/6718.jpg 281 500 3
90 302 191 403 -1 -1 -1 -1 -1 -1 -1 -1 -1 -1 -1 -1
# ./images/6720.jpg 281 499 3
100 397 180 476 -1 -1 -1 -1 -1 -1 -1 -1 -1 -1 -1 -1
# ./images/6728.jpg 339 500 3
67 138 277 349 -1 -1 -1 -1 -1 -1 -1 -1 -1 -1 -1 -1
# ./images/6734.jpg 500 500 3
160 153 341 334 -1 -1 -1 -1 -1 -1 -1 -1 -1 -1 -1 -1
# ./images/6754.jpg 500 500 3
27 312 148 430 -1 -1 -1 -1 -1 -1 -1 -1 -1 -1 -1 -1
# ./images/6760.jpg 500 500 3
22 374 131 484 -1 -1 -1 -1 -1 -1 -1 -1 -1 -1 -1 -1
# ./images/6768.jpg 222 500 3
90 390 143 442 -1 -1 -1 -1 -1 -1 -1 -1 -1 -1 -1 -1
# ./images/6781.jpg 281 500 3
13 13 74 73 -1 -1 -1 -1 -1 -1 -1 -1 -1 -1 -1 -1
# ./images/6805.jpg 400 400 3
23 23 377 378 -1 -1 -1 -1 -1 -1 -1 -1 -1 -1 -1 -1
# ./images/6811.jpg 301 500 3
203 356 288 441 -1 -1 -1 -1 -1 -1 -1 -1 -1 -1 -1 -1
# ./images/6813.jpg 333 500 3
109 253 225 369 -1 -1 -1 -1 -1 -1 -1 -1 -1 -1 -1 -1
# ./images/6822.jpg 500 500 3
32 31 470 469 -1 -1 -1 -1 -1 -1 -1 -1 -1 -1 -1 -1
# ./images/6835.jpg 500 280 3
231 240 258 265 -1 -1 -1 -1 -1 -1 -1 -1 -1 -1 -1 -1
48 30 110 89 -1 -1 -1 -1 -1 -1 -1 -1 -1 -1 -1 -1
355 240 381 267 -1 -1 -1 -1 -1 -1 -1 -1 -1 -1 -1 -1
# ./images/6864.jpg 433 500 3
68 44 346 321 -1 -1 -1 -1 -1 -1 -1 -1 -1 -1 -1 -1
# ./images/6873.jpg 333 500 3
104 233 200 330 -1 -1 -1 -1 -1 -1 -1 -1 -1 -1 -1 -1
# ./images/6888.jpg 424 500 3
321 405 405 489 -1 -1 -1 -1 -1 -1 -1 -1 -1 -1 -1 -1
# ./images/6908.jpg 281 500 3
70 364 122 417 -1 -1 -1 -1 -1 -1 -1 -1 -1 -1 -1 -1
# ./images/6927.jpg 281 500 3
17 408 92 483 -1 -1 -1 -1 -1 -1 -1 -1 -1 -1 -1 -1
# ./images/6928.jpg 281 500 3
119 406 162 448 -1 -1 -1 -1 -1 -1 -1 -1 -1 -1 -1 -1
# ./images/6930.jpg 281 500 3
104 364 177 437 -1 -1 -1 -1 -1 -1 -1 -1 -1 -1 -1 -1
# ./images/6951.jpg 200 500 3
21 391 87 457 -1 -1 -1 -1 -1 -1 -1 -1 -1 -1 -1 -1
# ./images/6953.jpg 281 500 3
179 386 246 453 -1 -1 -1 -1 -1 -1 -1 -1 -1 -1 -1 -1
# ./images/6992.jpg 285 499 3
238 451 270 483 -1 -1 -1 -1 -1 -1 -1 -1 -1 -1 -1 -1
# ./images/7004.jpg 433 500 3
60 55 236 231 -1 -1 -1 -1 -1 -1 -1 -1 -1 -1 -1 -1
# ./images/7007.jpg 402 500 3
17 179 73 234 -1 -1 -1 -1 -1 -1 -1 -1 -1 -1 -1 -1
# ./images/7011.jpg 335 500 3
284 450 334 499 -1 -1 -1 -1 -1 -1 -1 -1 -1 -1 -1 -1
# ./images/7020.jpg 368 500 3
173 398 249 475 -1 -1 -1 -1 -1 -1 -1 -1 -1 -1 -1 -1
# ./images/7022.jpg 500 281 3
430 205 491 269 -1 -1 -1 -1 -1 -1 -1 -1 -1 -1 -1 -1
# ./images/7024.jpg 433 500 3
135 257 311 437 -1 -1 -1 -1 -1 -1 -1 -1 -1 -1 -1 -1
# ./images/7045.jpg 500 281 3
434 199 484 251 -1 -1 -1 -1 -1 -1 -1 -1 -1 -1 -1 -1
# ./images/7095.jpg 500 500 3
356 369 469 482 -1 -1 -1 -1 -1 -1 -1 -1 -1 -1 -1 -1
# ./images/7116.jpg 500 500 3
348 367 471 489 -1 -1 -1 -1 -1 -1 -1 -1 -1 -1 -1 -1
# ./images/7125.jpg 280 499 3
74 226 210 361 -1 -1 -1 -1 -1 -1 -1 -1 -1 -1 -1 -1
# ./images/7140.jpg 280 499 3
99 349 181 433 -1 -1 -1 -1 -1 -1 -1 -1 -1 -1 -1 -1
# ./images/7152.jpg 375 500 3
288 335 345 382 -1 -1 -1 -1 -1 -1 -1 -1 -1 -1 -1 -1
# ./images/7178.jpg 333 500 3
65 359 150 446 -1 -1 -1 -1 -1 -1 -1 -1 -1 -1 -1 -1
# ./images/7202.jpg 500 500 3
87 76 412 401 -1 -1 -1 -1 -1 -1 -1 -1 -1 -1 -1 -1
# ./images/7242.jpg 332 500 3
20 322 86 388 -1 -1 -1 -1 -1 -1 -1 -1 -1 -1 -1 -1
# ./images/7257.jpg 433 500 3
59 52 318 310 -1 -1 -1 -1 -1 -1 -1 -1 -1 -1 -1 -1
# ./images/7269.jpg 500 500 3
370 372 479 479 -1 -1 -1 -1 -1 -1 -1 -1 -1 -1 -1 -1
# ./images/7293.jpg 500 281 3
431 196 475 241 -1 -1 -1 -1 -1 -1 -1 -1 -1 -1 -1 -1
# ./images/7321.jpg 500 499 3
279 301 473 494 -1 -1 -1 -1 -1 -1 -1 -1 -1 -1 -1 -1
# ./images/7327.jpg 320 499 3
116 228 204 317 -1 -1 -1 -1 -1 -1 -1 -1 -1 -1 -1 -1
# ./images/7351.jpg 281 500 3
3 390 107 494 -1 -1 -1 -1 -1 -1 -1 -1 -1 -1 -1 -1
# ./images/7352.jpg 280 499 3
102 321 180 399 -1 -1 -1 -1 -1 -1 -1 -1 -1 -1 -1 -1
# ./images/7354.jpg 433 500 3
158 74 359 272 -1 -1 -1 -1 -1 -1 -1 -1 -1 -1 -1 -1
# ./images/7370.jpg 280 499 3
103 322 181 398 -1 -1 -1 -1 -1 -1 -1 -1 -1 -1 -1 -1
# ./images/7373.jpg 311 500 3
221 370 302 451 -1 -1 -1 -1 -1 -1 -1 -1 -1 -1 -1 -1
# ./images/7432.jpg 320 499 3
116 228 204 318 -1 -1 -1 -1 -1 -1 -1 -1 -1 -1 -1 -1
# ./images/7465.jpg 381 500 3
122 168 252 298 -1 -1 -1 -1 -1 -1 -1 -1 -1 -1 -1 -1
# ./images/7478.jpg 500 280 3
438 217 497 275 -1 -1 -1 -1 -1 -1 -1 -1 -1 -1 -1 -1
# ./images/7483.jpg 369 500 3
174 399 250 475 -1 -1 -1 -1 -1 -1 -1 -1 -1 -1 -1 -1
# ./images/7521.jpg 351 500 3
238 371 337 470 -1 -1 -1 -1 -1 -1 -1 -1 -1 -1 -1 -1
# ./images/7523.jpg 349 500 3
240 367 327 455 -1 -1 -1 -1 -1 -1 -1 -1 -1 -1 -1 -1
# ./images/7527.jpg 400 400 3
22 22 376 378 -1 -1 -1 -1 -1 -1 -1 -1 -1 -1 -1 -1
# ./images/7532.jpg 500 250 3
378 174 441 234 -1 -1 -1 -1 -1 -1 -1 -1 -1 -1 -1 -1
# ./images/7534.jpg 500 500 3
28 311 149 432 -1 -1 -1 -1 -1 -1 -1 -1 -1 -1 -1 -1
# ./images/7547.jpg 500 500 3
107 106 402 402 -1 -1 -1 -1 -1 -1 -1 -1 -1 -1 -1 -1
# ./images/7552.jpg 500 281 3
437 216 497 278 -1 -1 -1 -1 -1 -1 -1 -1 -1 -1 -1 -1
# ./images/7561.jpg 375 500 3
53 375 116 441 -1 -1 -1 -1 -1 -1 -1 -1 -1 -1 -1 -1
# ./images/7563.jpg 281 500 3
122 393 163 434 -1 -1 -1 -1 -1 -1 -1 -1 -1 -1 -1 -1
# ./images/7592.jpg 500 500 3
28 311 149 432 -1 -1 -1 -1 -1 -1 -1 -1 -1 -1 -1 -1
# ./images/7610.jpg 280 499 3
102 322 180 400 -1 -1 -1 -1 -1 -1 -1 -1 -1 -1 -1 -1
# ./images/7664.jpg 365 500 3
234 334 345 444 -1 -1 -1 -1 -1 -1 -1 -1 -1 -1 -1 -1
# ./images/7689.jpg 500 500 3
10 9 492 492 -1 -1 -1 -1 -1 -1 -1 -1 -1 -1 -1 -1
# ./images/7692.jpg 131 500 3
20 402 59 441 -1 -1 -1 -1 -1 -1 -1 -1 -1 -1 -1 -1
# ./images/7693.jpg 400 400 3
25 24 377 375 -1 -1 -1 -1 -1 -1 -1 -1 -1 -1 -1 -1
# ./images/7713.jpg 433 500 3
30 143 310 424 -1 -1 -1 -1 -1 -1 -1 -1 -1 -1 -1 -1
# ./images/7731.jpg 500 307 3
382 182 485 284 -1 -1 -1 -1 -1 -1 -1 -1 -1 -1 -1 -1
# ./images/7734.jpg 433 500 3
65 216 324 477 -1 -1 -1 -1 -1 -1 -1 -1 -1 -1 -1 -1
# ./images/7776.jpg 500 280 3
437 216 498 277 -1 -1 -1 -1 -1 -1 -1 -1 -1 -1 -1 -1
# ./images/7779.jpg 500 500 3
204 374 295 464 -1 -1 -1 -1 -1 -1 -1 -1 -1 -1 -1 -1
# ./images/7795.jpg 332 500 3
126 357 205 436 -1 -1 -1 -1 -1 -1 -1 -1 -1 -1 -1 -1
# ./images/7805.jpg 500 500 3
17 363 129 474 -1 -1 -1 -1 -1 -1 -1 -1 -1 -1 -1 -1
# ./images/7810.jpg 500 500 3
105 81 405 379 -1 -1 -1 -1 -1 -1 -1 -1 -1 -1 -1 -1
# ./images/7826.jpg 335 500 3
227 366 312 450 -1 -1 -1 -1 -1 -1 -1 -1 -1 -1 -1 -1
# ./images/7850.jpg 500 281 3
441 11 488 58 -1 -1 -1 -1 -1 -1 -1 -1 -1 -1 -1 -1
# ./images/7868.jpg 375 500 3
159 104 185 135 -1 -1 -1 -1 -1 -1 -1 -1 -1 -1 -1 -1
# ./images/7902.jpg 400 400 3
23 21 378 376 -1 -1 -1 -1 -1 -1 -1 -1 -1 -1 -1 -1
# ./images/7916.jpg 500 281 3
10 165 75 233 -1 -1 -1 -1 -1 -1 -1 -1 -1 -1 -1 -1
# ./images/7973.jpg 500 281 3
438 216 498 277 -1 -1 -1 -1 -1 -1 -1 -1 -1 -1 -1 -1
# ./images/7994.jpg 400 400 3
24 24 378 375 -1 -1 -1 -1 -1 -1 -1 -1 -1 -1 -1 -1
# ./images/8009.jpg 375 500 3
143 391 230 478 -1 -1 -1 -1 -1 -1 -1 -1 -1 -1 -1 -1
# ./images/8016.jpg 500 500 3
3 3 500 500 -1 -1 -1 -1 -1 -1 -1 -1 -1 -1 -1 -1
# ./images/8024.jpg 500 500 3
3 4 497 499 -1 -1 -1 -1 -1 -1 -1 -1 -1 -1 -1 -1
# ./images/8039.jpg 281 499 3
100 397 180 477 -1 -1 -1 -1 -1 -1 -1 -1 -1 -1 -1 -1
# ./images/8042.jpg 281 500 3
182 394 234 448 -1 -1 -1 -1 -1 -1 -1 -1 -1 -1 -1 -1
# ./images/8052.jpg 500 352 3
404 266 465 326 -1 -1 -1 -1 -1 -1 -1 -1 -1 -1 -1 -1
# ./images/8074.jpg 433 500 3
51 150 246 348 -1 -1 -1 -1 -1 -1 -1 -1 -1 -1 -1 -1
# ./images/8099.jpg 500 500 3
84 75 412 406 -1 -1 -1 -1 -1 -1 -1 -1 -1 -1 -1 -1
# ./images/8106.jpg 371 500 3
14 356 119 463 -1 -1 -1 -1 -1 -1 -1 -1 -1 -1 -1 -1
# ./images/8112.jpg 430 430 3
26 28 404 403 -1 -1 -1 -1 -1 -1 -1 -1 -1 -1 -1 -1
# ./images/8140.jpg 433 500 3
46 203 222 381 -1 -1 -1 -1 -1 -1 -1 -1 -1 -1 -1 -1
# ./images/8146.jpg 500 281 3
11 167 77 233 -1 -1 -1 -1 -1 -1 -1 -1 -1 -1 -1 -1
# ./images/8148.jpg 280 499 3
174 417 246 490 -1 -1 -1 -1 -1 -1 -1 -1 -1 -1 -1 -1
# ./images/8180.jpg 500 500 3
304 199 478 373 -1 -1 -1 -1 -1 -1 -1 -1 -1 -1 -1 -1
# ./images/8181.jpg 340 499 3
65 358 153 445 -1 -1 -1 -1 -1 -1 -1 -1 -1 -1 -1 -1
# ./images/8190.jpg 500 500 3
83 152 209 279 -1 -1 -1 -1 -1 -1 -1 -1 -1 -1 -1 -1
# ./images/8240.jpg 375 499 3
135 281 240 385 -1 -1 -1 -1 -1 -1 -1 -1 -1 -1 -1 -1
# ./images/8250.jpg 500 281 3
442 11 488 59 -1 -1 -1 -1 -1 -1 -1 -1 -1 -1 -1 -1
# ./images/8262.jpg 500 281 3
433 199 483 251 -1 -1 -1 -1 -1 -1 -1 -1 -1 -1 -1 -1
# ./images/8277.jpg 312 500 3
10 337 147 475 -1 -1 -1 -1 -1 -1 -1 -1 -1 -1 -1 -1
# ./images/8278.jpg 357 499 3
14 352 122 458 -1 -1 -1 -1 -1 -1 -1 -1 -1 -1 -1 -1
# ./images/8279.jpg 281 500 3
88 309 194 418 -1 -1 -1 -1 -1 -1 -1 -1 -1 -1 -1 -1
# ./images/8289.jpg 266 500 3
39 418 117 498 -1 -1 -1 -1 -1 -1 -1 -1 -1 -1 -1 -1
# ./images/8300.jpg 390 500 3
259 366 381 491 -1 -1 -1 -1 -1 -1 -1 -1 -1 -1 -1 -1
# ./images/8302.jpg 433 500 3
202 307 382 487 -1 -1 -1 -1 -1 -1 -1 -1 -1 -1 -1 -1
# ./images/8304.jpg 390 500 3
255 365 382 491 -1 -1 -1 -1 -1 -1 -1 -1 -1 -1 -1 -1
# ./images/8314.jpg 500 500 3
105 83 405 382 -1 -1 -1 -1 -1 -1 -1 -1 -1 -1 -1 -1
# ./images/8351.jpg 370 500 3
327 388 359 420 -1 -1 -1 -1 -1 -1 -1 -1 -1 -1 -1 -1
# ./images/8354.jpg 360 500 3
23 379 113 468 -1 -1 -1 -1 -1 -1 -1 -1 -1 -1 -1 -1
# ./images/8358.jpg 433 500 3
142 116 363 338 -1 -1 -1 -1 -1 -1 -1 -1 -1 -1 -1 -1
# ./images/8375.jpg 500 308 3
48 184 166 301 -1 -1 -1 -1 -1 -1 -1 -1 -1 -1 -1 -1
# ./images/8386.jpg 266 499 3
162 390 253 480 -1 -1 -1 -1 -1 -1 -1 -1 -1 -1 -1 -1
# ./images/8409.jpg 357 499 3
14 351 122 459 -1 -1 -1 -1 -1 -1 -1 -1 -1 -1 -1 -1
# ./images/8455.jpg 433 500 3
49 66 249 266 -1 -1 -1 -1 -1 -1 -1 -1 -1 -1 -1 -1
# ./images/8457.jpg 500 500 3
28 310 149 433 -1 -1 -1 -1 -1 -1 -1 -1 -1 -1 -1 -1
# ./images/8477.jpg 500 500 3
357 250 447 332 -1 -1 -1 -1 -1 -1 -1 -1 -1 -1 -1 -1
# ./images/8485.jpg 79 500 3
24 464 52 492 -1 -1 -1 -1 -1 -1 -1 -1 -1 -1 -1 -1
52 376 72 395 -1 -1 -1 -1 -1 -1 -1 -1 -1 -1 -1 -1
# ./images/8491.jpg 500 375 3
430 300 491 363 -1 -1 -1 -1 -1 -1 -1 -1 -1 -1 -1 -1
# ./images/8495.jpg 500 500 3
31 28 474 475 -1 -1 -1 -1 -1 -1 -1 -1 -1 -1 -1 -1
# ./images/8511.jpg 243 500 3
78 170 165 258 -1 -1 -1 -1 -1 -1 -1 -1 -1 -1 -1 -1
# ./images/8512.jpg 397 500 3
79 176 307 407 -1 -1 -1 -1 -1 -1 -1 -1 -1 -1 -1 -1
# ./images/8539.jpg 280 499 3
150 390 257 496 -1 -1 -1 -1 -1 -1 -1 -1 -1 -1 -1 -1
# ./images/8562.jpg 333 500 3
3 308 66 370 -1 -1 -1 -1 -1 -1 -1 -1 -1 -1 -1 -1
# ./images/8591.jpg 433 500 3
77 231 256 410 -1 -1 -1 -1 -1 -1 -1 -1 -1 -1 -1 -1
# ./images/8607.jpg 500 500 3
27 310 149 433 -1 -1 -1 -1 -1 -1 -1 -1 -1 -1 -1 -1
# ./images/8614.jpg 263 500 3
203 430 247 474 -1 -1 -1 -1 -1 -1 -1 -1 -1 -1 -1 -1
# ./images/8632.jpg 293 500 3
13 439 67 491 -1 -1 -1 -1 -1 -1 -1 -1 -1 -1 -1 -1
# ./images/8651.jpg 333 500 3
81 420 148 488 -1 -1 -1 -1 -1 -1 -1 -1 -1 -1 -1 -1
# ./images/8694.jpg 500 500 3
103 306 234 437 -1 -1 -1 -1 -1 -1 -1 -1 -1 -1 -1 -1
# ./images/8698.jpg 281 500 3
218 311 257 350 -1 -1 -1 -1 -1 -1 -1 -1 -1 -1 -1 -1
# ./images/8715.jpg 500 500 3
107 106 403 402 -1 -1 -1 -1 -1 -1 -1 -1 -1 -1 -1 -1
# ./images/8765.jpg 500 500 3
10 359 143 492 -1 -1 -1 -1 -1 -1 -1 -1 -1 -1 -1 -1
# ./images/8790.jpg 500 304 3
36 94 152 206 -1 -1 -1 -1 -1 -1 -1 -1 -1 -1 -1 -1
# ./images/8793.jpg 500 500 3
106 105 406 402 -1 -1 -1 -1 -1 -1 -1 -1 -1 -1 -1 -1
# ./images/8802.jpg 281 500 3
191 412 269 493 -1 -1 -1 -1 -1 -1 -1 -1 -1 -1 -1 -1
# ./images/8817.jpg 488 499 3
26 30 459 463 -1 -1 -1 -1 -1 -1 -1 -1 -1 -1 -1 -1
# ./images/8858.jpg 281 500 3
20 410 90 481 -1 -1 -1 -1 -1 -1 -1 -1 -1 -1 -1 -1
# ./images/8871.jpg 281 500 3
103 324 186 409 -1 -1 -1 -1 -1 -1 -1 -1 -1 -1 -1 -1
# ./images/8878.jpg 500 500 3
2 1 500 500 -1 -1 -1 -1 -1 -1 -1 -1 -1 -1 -1 -1
# ./images/8879.jpg 474 500 3
48 345 140 438 -1 -1 -1 -1 -1 -1 -1 -1 -1 -1 -1 -1
# ./images/8896.jpg 320 499 3
116 228 204 318 -1 -1 -1 -1 -1 -1 -1 -1 -1 -1 -1 -1
# ./images/8914.jpg 433 500 3
205 263 425 479 -1 -1 -1 -1 -1 -1 -1 -1 -1 -1 -1 -1
# ./images/8941.jpg 500 500 3
26 97 138 210 -1 -1 -1 -1 -1 -1 -1 -1 -1 -1 -1 -1
# ./images/8954.jpg 433 500 3
180 23 379 223 -1 -1 -1 -1 -1 -1 -1 -1 -1 -1 -1 -1
# ./images/8967.jpg 375 500 3
152 410 224 481 -1 -1 -1 -1 -1 -1 -1 -1 -1 -1 -1 -1
# ./images/8968.jpg 430 430 3
25 23 407 407 -1 -1 -1 -1 -1 -1 -1 -1 -1 -1 -1 -1
# ./images/8970.jpg 433 500 3
22 310 200 490 -1 -1 -1 -1 -1 -1 -1 -1 -1 -1 -1 -1
# ./images/8975.jpg 398 500 3
285 138 333 185 -1 -1 -1 -1 -1 -1 -1 -1 -1 -1 -1 -1
# ./images/8998.jpg 400 400 3
38 39 364 365 -1 -1 -1 -1 -1 -1 -1 -1 -1 -1 -1 -1
# ./images/9005.jpg 400 400 3
22 24 377 378 -1 -1 -1 -1 -1 -1 -1 -1 -1 -1 -1 -1
# ./images/9008.jpg 500 500 3
174 174 327 326 -1 -1 -1 -1 -1 -1 -1 -1 -1 -1 -1 -1
# ./images/9030.jpg 351 500 3
187 204 246 266 -1 -1 -1 -1 -1 -1 -1 -1 -1 -1 -1 -1
# ./images/9033.jpg 340 500 3
133 302 220 388 -1 -1 -1 -1 -1 -1 -1 -1 -1 -1 -1 -1
# ./images/9037.jpg 433 500 3
65 27 363 327 -1 -1 -1 -1 -1 -1 -1 -1 -1 -1 -1 -1
# ./images/9044.jpg 400 400 3
43 43 357 352 -1 -1 -1 -1 -1 -1 -1 -1 -1 -1 -1 -1
# ./images/9088.jpg 500 370 3
415 1 500 87 -1 -1 -1 -1 -1 -1 -1 -1 -1 -1 -1 -1
# ./images/9117.jpg 280 499 3
41 193 239 389 -1 -1 -1 -1 -1 -1 -1 -1 -1 -1 -1 -1
# ./images/9130.jpg 281 500 3
46 204 234 393 -1 -1 -1 -1 -1 -1 -1 -1 -1 -1 -1 -1
# ./images/9159.jpg 376 500 3
42 131 336 422 -1 -1 -1 -1 -1 -1 -1 -1 -1 -1 -1 -1
# ./images/9169.jpg 374 500 3
269 393 341 465 -1 -1 -1 -1 -1 -1 -1 -1 -1 -1 -1 -1
# ./images/9184.jpg 338 500 3
125 363 213 453 -1 -1 -1 -1 -1 -1 -1 -1 -1 -1 -1 -1
# ./images/9188.jpg 480 300 3
396 216 477 297 -1 -1 -1 -1 -1 -1 -1 -1 -1 -1 -1 -1
# ./images/9201.jpg 281 500 3
207 362 265 419 -1 -1 -1 -1 -1 -1 -1 -1 -1 -1 -1 -1
# ./images/9214.jpg 400 400 3
51 52 353 352 -1 -1 -1 -1 -1 -1 -1 -1 -1 -1 -1 -1
# ./images/9248.jpg 400 400 3
51 52 352 354 -1 -1 -1 -1 -1 -1 -1 -1 -1 -1 -1 -1
# ./images/9270.jpg 272 499 3
211 431 254 477 -1 -1 -1 -1 -1 -1 -1 -1 -1 -1 -1 -1
# ./images/9284.jpg 430 430 3
26 28 406 406 -1 -1 -1 -1 -1 -1 -1 -1 -1 -1 -1 -1
# ./images/9286.jpg 376 500 3
92 164 289 363 -1 -1 -1 -1 -1 -1 -1 -1 -1 -1 -1 -1
# ./images/9292.jpg 500 500 3
14 303 174 459 -1 -1 -1 -1 -1 -1 -1 -1 -1 -1 -1 -1
# ./images/9343.jpg 500 500 3
32 32 471 469 -1 -1 -1 -1 -1 -1 -1 -1 -1 -1 -1 -1
# ./images/9356.jpg 320 499 3
116 228 204 316 -1 -1 -1 -1 -1 -1 -1 -1 -1 -1 -1 -1
# ./images/9371.jpg 433 500 3
138 271 315 445 -1 -1 -1 -1 -1 -1 -1 -1 -1 -1 -1 -1
# ./images/9384.jpg 389 500 3
278 390 364 477 -1 -1 -1 -1 -1 -1 -1 -1 -1 -1 -1 -1
# ./images/9396.jpg 500 375 3
398 268 473 342 -1 -1 -1 -1 -1 -1 -1 -1 -1 -1 -1 -1
# ./images/9417.jpg 281 500 3
62 113 220 270 -1 -1 -1 -1 -1 -1 -1 -1 -1 -1 -1 -1
# ./images/9429.jpg 351 499 3
226 372 333 478 -1 -1 -1 -1 -1 -1 -1 -1 -1 -1 -1 -1
# ./images/9442.jpg 281 500 3
23 358 111 446 -1 -1 -1 -1 -1 -1 -1 -1 -1 -1 -1 -1
# ./images/9470.jpg 338 500 3
126 364 213 451 -1 -1 -1 -1 -1 -1 -1 -1 -1 -1 -1 -1
# ./images/9514.jpg 281 500 3
98 410 174 484 -1 -1 -1 -1 -1 -1 -1 -1 -1 -1 -1 -1
# ./images/9515.jpg 500 277 3
9 15 158 166 -1 -1 -1 -1 -1 -1 -1 -1 -1 -1 -1 -1
# ./images/9528.jpg 500 500 3
201 259 317 376 -1 -1 -1 -1 -1 -1 -1 -1 -1 -1 -1 -1
# ./images/9544.jpg 333 500 3
278 403 319 443 -1 -1 -1 -1 -1 -1 -1 -1 -1 -1 -1 -1
# ./images/9553.jpg 500 500 3
27 309 149 431 -1 -1 -1 -1 -1 -1 -1 -1 -1 -1 -1 -1
# ./images/9574.jpg 500 280 3
37 188 89 239 -1 -1 -1 -1 -1 -1 -1 -1 -1 -1 -1 -1
# ./images/9587.jpg 281 500 3
187 319 235 367 -1 -1 -1 -1 -1 -1 -1 -1 -1 -1 -1 -1
# ./images/9601.jpg 281 500 3
25 339 94 407 -1 -1 -1 -1 -1 -1 -1 -1 -1 -1 -1 -1
# ./images/9605.jpg 500 500 3
3 2 496 497 -1 -1 -1 -1 -1 -1 -1 -1 -1 -1 -1 -1
# ./images/9628.jpg 385 499 3
281 396 359 475 -1 -1 -1 -1 -1 -1 -1 -1 -1 -1 -1 -1
# ./images/9645.jpg 375 500 3
162 419 196 457 -1 -1 -1 -1 -1 -1 -1 -1 -1 -1 -1 -1
154 22 177 47 -1 -1 -1 -1 -1 -1 -1 -1 -1 -1 -1 -1
# ./images/9652.jpg 386 499 3
41 123 346 425 -1 -1 -1 -1 -1 -1 -1 -1 -1 -1 -1 -1
# ./images/9662.jpg 400 400 3
52 52 352 353 -1 -1 -1 -1 -1 -1 -1 -1 -1 -1 -1 -1
# ./images/9675.jpg 281 500 3
215 435 274 492 -1 -1 -1 -1 -1 -1 -1 -1 -1 -1 -1 -1
# ./images/9676.jpg 500 500 3
305 200 478 373 -1 -1 -1 -1 -1 -1 -1 -1 -1 -1 -1 -1
# ./images/9680.jpg 343 499 3
35 371 153 489 -1 -1 -1 -1 -1 -1 -1 -1 -1 -1 -1 -1
# ./images/9685.jpg 500 500 3
420 413 456 450 -1 -1 -1 -1 -1 -1 -1 -1 -1 -1 -1 -1
# ./images/9686.jpg 500 500 3
171 170 328 328 -1 -1 -1 -1 -1 -1 -1 -1 -1 -1 -1 -1
# ./images/9747.jpg 281 500 3
144 362 171 389 -1 -1 -1 -1 -1 -1 -1 -1 -1 -1 -1 -1
# ./images/9772.jpg 400 400 3
41 42 364 362 -1 -1 -1 -1 -1 -1 -1 -1 -1 -1 -1 -1
# ./images/9794.jpg 316 500 3
152 363 214 426 -1 -1 -1 -1 -1 -1 -1 -1 -1 -1 -1 -1
# ./images/9799.jpg 499 281 3
433 198 483 251 -1 -1 -1 -1 -1 -1 -1 -1 -1 -1 -1 -1
# ./images/9807.jpg 500 281 3
169 110 244 176 -1 -1 -1 -1 -1 -1 -1 -1 -1 -1 -1 -1
# ./images/9818.jpg 500 500 3
22 374 131 483 -1 -1 -1 -1 -1 -1 -1 -1 -1 -1 -1 -1
# ./images/9820.jpg 460 464 3
280 336 396 452 -1 -1 -1 -1 -1 -1 -1 -1 -1 -1 -1 -1
# ./images/9837.jpg 500 500 3
88 77 411 402 -1 -1 -1 -1 -1 -1 -1 -1 -1 -1 -1 -1
# ./images/9857.jpg 332 500 3
224 351 331 456 -1 -1 -1 -1 -1 -1 -1 -1 -1 -1 -1 -1
# ./images/9905.jpg 314 500 3
247 412 301 466 -1 -1 -1 -1 -1 -1 -1 -1 -1 -1 -1 -1
# ./images/9912.jpg 433 500 3
77 306 254 483 -1 -1 -1 -1 -1 -1 -1 -1 -1 -1 -1 -1
# ./images/9920.jpg 433 500 3
201 196 398 394 -1 -1 -1 -1 -1 -1 -1 -1 -1 -1 -1 -1
# ./images/9928.jpg 312 500 3
253 7 301 55 -1 -1 -1 -1 -1 -1 -1 -1 -1 -1 -1 -1
# ./images/9957.jpg 400 400 3
51 51 353 352 -1 -1 -1 -1 -1 -1 -1 -1 -1 -1 -1 -1
# ./images/9965.jpg 400 400 3
48 47 352 352 -1 -1 -1 -1 -1 -1 -1 -1 -1 -1 -1 -1
# ./images/12015.jpg 336 500 3
246 189 331 273 -1 -1 -1 -1 -1 -1 -1 -1 -1 -1 -1 -1
# ./images/12022.jpg 400 400 3
24 23 378 375 -1 -1 -1 -1 -1 -1 -1 -1 -1 -1 -1 -1
# ./images/12025.jpg 400 400 3
44 42 362 360 -1 -1 -1 -1 -1 -1 -1 -1 -1 -1 -1 -1
# ./images/12059.jpg 281 500 3
200 414 257 475 -1 -1 -1 -1 -1 -1 -1 -1 -1 -1 -1 -1
# ./images/12084.jpg 281 500 3
14 12 73 72 -1 -1 -1 -1 -1 -1 -1 -1 -1 -1 -1 -1
# ./images/12090.jpg 360 500 3
128 305 283 459 -1 -1 -1 -1 -1 -1 -1 -1 -1 -1 -1 -1
# ./images/12105.jpg 450 500 3
78 295 171 390 -1 -1 -1 -1 -1 -1 -1 -1 -1 -1 -1 -1
# ./images/12108.jpg 400 400 3
27 25 372 372 -1 -1 -1 -1 -1 -1 -1 -1 -1 -1 -1 -1
# ./images/12154.jpg 375 500 3
206 296 373 472 -1 -1 -1 -1 -1 -1 -1 -1 -1 -1 -1 -1
# ./images/12167.jpg 500 500 3
88 78 406 399 -1 -1 -1 -1 -1 -1 -1 -1 -1 -1 -1 -1
# ./images/12169.jpg 302 500 3
243 345 289 400 -1 -1 -1 -1 -1 -1 -1 -1 -1 -1 -1 -1
# ./images/12181.jpg 500 281 3
47 112 244 312 -1 -1 -1 -1 -1 -1 -1 -1 -1 -1 -1 -1
435 199 481 250 -1 -1 -1 -1 -1 -1 -1 -1 -1 -1 -1 -1
# ./images/12193.jpg 445 500 3
277 356 365 441 -1 -1 -1 -1 -1 -1 -1 -1 -1 -1 -1 -1
# ./images/12208.jpg 499 281 3
437 216 491 276 -1 -1 -1 -1 -1 -1 -1 -1 -1 -1 -1 -1
# ./images/12213.jpg 433 500 3
141 83 419 364 -1 -1 -1 -1 -1 -1 -1 -1 -1 -1 -1 -1
# ./images/12235.jpg 335 499 3
231 365 310 447 -1 -1 -1 -1 -1 -1 -1 -1 -1 -1 -1 -1
# ./images/12243.jpg 500 281 3
438 215 497 276 -1 -1 -1 -1 -1 -1 -1 -1 -1 -1 -1 -1
# ./images/12261.jpg 433 500 3
179 112 357 287 -1 -1 -1 -1 -1 -1 -1 -1 -1 -1 -1 -1
# ./images/12271.jpg 500 500 3
377 378 468 471 -1 -1 -1 -1 -1 -1 -1 -1 -1 -1 -1 -1
# ./images/12289.jpg 433 500 3
138 291 291 447 -1 -1 -1 -1 -1 -1 -1 -1 -1 -1 -1 -1
# ./images/12310.jpg 500 281 3
358 128 436 208 -1 -1 -1 -1 -1 -1 -1 -1 -1 -1 -1 -1
# ./images/12349.jpg 433 500 3
29 26 400 402 -1 -1 -1 -1 -1 -1 -1 -1 -1 -1 -1 -1
# ./images/12397.jpg 333 500 3
61 25 275 244 -1 -1 -1 -1 -1 -1 -1 -1 -1 -1 -1 -1
# ./images/12408.jpg 281 500 3
7 311 187 492 -1 -1 -1 -1 -1 -1 -1 -1 -1 -1 -1 -1
# ./images/12422.jpg 433 500 3
22 356 64 401 -1 -1 -1 -1 -1 -1 -1 -1 -1 -1 -1 -1
# ./images/12427.jpg 500 500 3
135 31 354 245 -1 -1 -1 -1 -1 -1 -1 -1 -1 -1 -1 -1
# ./images/12442.jpg 500 500 3
6 5 495 499 -1 -1 -1 -1 -1 -1 -1 -1 -1 -1 -1 -1
# ./images/12445.jpg 500 500 3
178 345 318 486 -1 -1 -1 -1 -1 -1 -1 -1 -1 -1 -1 -1
90 90 408 411 -1 -1 -1 -1 -1 -1 -1 -1 -1 -1 -1 -1
# ./images/12450.jpg 280 499 3
16 411 83 479 -1 -1 -1 -1 -1 -1 -1 -1 -1 -1 -1 -1
# ./images/12459.jpg 500 500 3
23 304 155 441 -1 -1 -1 -1 -1 -1 -1 -1 -1 -1 -1 -1
# ./images/12484.jpg 281 500 3
99 373 181 458 -1 -1 -1 -1 -1 -1 -1 -1 -1 -1 -1 -1
# ./images/12487.jpg 353 500 3
152 434 214 496 -1 -1 -1 -1 -1 -1 -1 -1 -1 -1 -1 -1
# ./images/12490.jpg 320 499 3
114 225 203 315 -1 -1 -1 -1 -1 -1 -1 -1 -1 -1 -1 -1
# ./images/12508.jpg 307 500 3
242 431 307 500 -1 -1 -1 -1 -1 -1 -1 -1 -1 -1 -1 -1
# ./images/12529.jpg 338 500 3
111 347 234 469 -1 -1 -1 -1 -1 -1 -1 -1 -1 -1 -1 -1
# ./images/12549.jpg 280 499 3
94 323 184 413 -1 -1 -1 -1 -1 -1 -1 -1 -1 -1 -1 -1
# ./images/12574.jpg 230 500 3
52 136 179 262 -1 -1 -1 -1 -1 -1 -1 -1 -1 -1 -1 -1
# ./images/12602.jpg 281 499 3
222 449 256 484 -1 -1 -1 -1 -1 -1 -1 -1 -1 -1 -1 -1
# ./images/12624.jpg 311 500 3
27 26 372 375 -1 -1 -1 -1 -1 -1 -1 -1 -1 -1 -1 -1
214 319 303 411 -1 -1 -1 -1 -1 -1 -1 -1 -1 -1 -1 -1
# ./images/12646.jpg 500 500 3
105 321 175 396 -1 -1 -1 -1 -1 -1 -1 -1 -1 -1 -1 -1
# ./images/12681.jpg 433 500 3
182 19 392 230 -1 -1 -1 -1 -1 -1 -1 -1 -1 -1 -1 -1
# ./images/12682.jpg 320 499 3
117 228 198 312 -1 -1 -1 -1 -1 -1 -1 -1 -1 -1 -1 -1
# ./images/12684.jpg 433 500 3
31 202 307 480 -1 -1 -1 -1 -1 -1 -1 -1 -1 -1 -1 -1
# ./images/12695.jpg 320 499 3
115 229 198 312 -1 -1 -1 -1 -1 -1 -1 -1 -1 -1 -1 -1
# ./images/12726.jpg 400 400 3
55 53 346 348 -1 -1 -1 -1 -1 -1 -1 -1 -1 -1 -1 -1
# ./images/12729.jpg 500 375 3
418 248 480 313 -1 -1 -1 -1 -1 -1 -1 -1 -1 -1 -1 -1
# ./images/12762.jpg 433 500 3
26 102 258 339 -1 -1 -1 -1 -1 -1 -1 -1 -1 -1 -1 -1
# ./images/12764.jpg 335 499 3
228 368 309 446 -1 -1 -1 -1 -1 -1 -1 -1 -1 -1 -1 -1
# ./images/12768.jpg 312 500 3
111 342 203 430 -1 -1 -1 -1 -1 -1 -1 -1 -1 -1 -1 -1
# ./images/12836.jpg 281 500 3
44 184 233 374 -1 -1 -1 -1 -1 -1 -1 -1 -1 -1 -1 -1
# ./images/12851.jpg 433 500 3
63 39 341 316 -1 -1 -1 -1 -1 -1 -1 -1 -1 -1 -1 -1
# ./images/12857.jpg 281 500 3
20 413 85 478 -1 -1 -1 -1 -1 -1 -1 -1 -1 -1 -1 -1
# ./images/12881.jpg 280 500 3
44 195 238 387 -1 -1 -1 -1 -1 -1 -1 -1 -1 -1 -1 -1
# ./images/12897.jpg 500 500 3
396 19 471 96 -1 -1 -1 -1 -1 -1 -1 -1 -1 -1 -1 -1
# ./images/12900.jpg 280 499 3
105 325 171 394 -1 -1 -1 -1 -1 -1 -1 -1 -1 -1 -1 -1
# ./images/12928.jpg 280 499 3
17 412 80 474 -1 -1 -1 -1 -1 -1 -1 -1 -1 -1 -1 -1
# ./images/12965.jpg 500 294 3
432 217 491 278 -1 -1 -1 -1 -1 -1 -1 -1 -1 -1 -1 -1
# ./images/12975.jpg 281 500 3
22 409 88 478 -1 -1 -1 -1 -1 -1 -1 -1 -1 -1 -1 -1
# ./images/12981.jpg 500 500 3
35 33 465 468 -1 -1 -1 -1 -1 -1 -1 -1 -1 -1 -1 -1
# ./images/12984.jpg 500 281 3
403 184 496 274 -1 -1 -1 -1 -1 -1 -1 -1 -1 -1 -1 -1
# ./images/12985.jpg 400 400 3
43 43 361 359 -1 -1 -1 -1 -1 -1 -1 -1 -1 -1 -1 -1
# ./images/13008.jpg 500 500 3
53 331 148 426 -1 -1 -1 -1 -1 -1 -1 -1 -1 -1 -1 -1
# ./images/13029.jpg 500 500 3
53 184 144 280 -1 -1 -1 -1 -1 -1 -1 -1 -1 -1 -1 -1
# ./images/13044.jpg 500 500 3
7 3 496 498 -1 -1 -1 -1 -1 -1 -1 -1 -1 -1 -1 -1
# ./images/13053.jpg 281 500 3
92 202 190 302 -1 -1 -1 -1 -1 -1 -1 -1 -1 -1 -1 -1
# ./images/13102.jpg 500 281 3
436 215 490 275 -1 -1 -1 -1 -1 -1 -1 -1 -1 -1 -1 -1
# ./images/13128.jpg 500 312 3
411 225 493 309 -1 -1 -1 -1 -1 -1 -1 -1 -1 -1 -1 -1
# ./images/13134.jpg 207 500 3
17 446 61 490 -1 -1 -1 -1 -1 -1 -1 -1 -1 -1 -1 -1
# ./images/13141.jpg 375 500 3
81 87 268 261 -1 -1 -1 -1 -1 -1 -1 -1 -1 -1 -1 -1
# ./images/13149.jpg 500 500 3
87 86 411 410 -1 -1 -1 -1 -1 -1 -1 -1 -1 -1 -1 -1
# ./images/13188.jpg 500 281 3
436 214 493 278 -1 -1 -1 -1 -1 -1 -1 -1 -1 -1 -1 -1
# ./images/13191.jpg 375 499 3
124 271 248 395 -1 -1 -1 -1 -1 -1 -1 -1 -1 -1 -1 -1
# ./images/13199.jpg 281 500 3
14 11 74 73 -1 -1 -1 -1 -1 -1 -1 -1 -1 -1 -1 -1
# ./images/13209.jpg 364 500 3
28 400 111 486 -1 -1 -1 -1 -1 -1 -1 -1 -1 -1 -1 -1
# ./images/13230.jpg 500 500 3
35 29 160 154 -1 -1 -1 -1 -1 -1 -1 -1 -1 -1 -1 -1
# ./images/13231.jpg 500 500 3
3 4 493 499 -1 -1 -1 -1 -1 -1 -1 -1 -1 -1 -1 -1
# ./images/13240.jpg 500 280 3
437 216 497 276 -1 -1 -1 -1 -1 -1 -1 -1 -1 -1 -1 -1
# ./images/13250.jpg 400 400 3
27 26 372 375 -1 -1 -1 -1 -1 -1 -1 -1 -1 -1 -1 -1
# ./images/13270.jpg 400 400 3
56 54 349 351 -1 -1 -1 -1 -1 -1 -1 -1 -1 -1 -1 -1
# ./images/13271.jpg 281 500 3
17 385 76 450 -1 -1 -1 -1 -1 -1 -1 -1 -1 -1 -1 -1
# ./images/13317.jpg 280 499 3
161 396 239 477 -1 -1 -1 -1 -1 -1 -1 -1 -1 -1 -1 -1
# ./images/13347.jpg 280 499 3
104 236 176 311 -1 -1 -1 -1 -1 -1 -1 -1 -1 -1 -1 -1
# ./images/13365.jpg 400 400 3
57 53 350 348 -1 -1 -1 -1 -1 -1 -1 -1 -1 -1 -1 -1
# ./images/13378.jpg 356 500 3
240 366 343 470 -1 -1 -1 -1 -1 -1 -1 -1 -1 -1 -1 -1
# ./images/13396.jpg 281 500 3
103 317 181 398 -1 -1 -1 -1 -1 -1 -1 -1 -1 -1 -1 -1
# ./images/13401.jpg 281 500 3
90 286 187 389 -1 -1 -1 -1 -1 -1 -1 -1 -1 -1 -1 -1
# ./images/13425.jpg 500 500 3
158 180 345 365 -1 -1 -1 -1 -1 -1 -1 -1 -1 -1 -1 -1
# ./images/13435.jpg 467 500 3
88 370 175 456 -1 -1 -1 -1 -1 -1 -1 -1 -1 -1 -1 -1
# ./images/13454.jpg 278 499 3
97 235 174 308 -1 -1 -1 -1 -1 -1 -1 -1 -1 -1 -1 -1
# ./images/13490.jpg 280 499 3
138 429 198 488 -1 -1 -1 -1 -1 -1 -1 -1 -1 -1 -1 -1
# ./images/13527.jpg 298 500 3
232 426 285 484 -1 -1 -1 -1 -1 -1 -1 -1 -1 -1 -1 -1
# ./images/13529.jpg 400 400 3
27 29 375 375 -1 -1 -1 -1 -1 -1 -1 -1 -1 -1 -1 -1
# ./images/13539.jpg 311 500 3
225 370 298 450 -1 -1 -1 -1 -1 -1 -1 -1 -1 -1 -1 -1
# ./images/13581.jpg 281 500 3
104 290 176 362 -1 -1 -1 -1 -1 -1 -1 -1 -1 -1 -1 -1
# ./images/13604.jpg 400 400 3
40 44 363 358 -1 -1 -1 -1 -1 -1 -1 -1 -1 -1 -1 -1
# ./images/13605.jpg 280 499 3
55 185 148 280 -1 -1 -1 -1 -1 -1 -1 -1 -1 -1 -1 -1
# ./images/13607.jpg 280 280 3
4 3 276 278 -1 -1 -1 -1 -1 -1 -1 -1 -1 -1 -1 -1
# ./images/13621.jpg 375 500 3
142 391 229 473 -1 -1 -1 -1 -1 -1 -1 -1 -1 -1 -1 -1
# ./images/13655.jpg 430 430 3
30 29 402 402 -1 -1 -1 -1 -1 -1 -1 -1 -1 -1 -1 -1
# ./images/13667.jpg 324 500 3
21 416 88 479 -1 -1 -1 -1 -1 -1 -1 -1 -1 -1 -1 -1
# ./images/13676.jpg 433 500 3
85 13 274 207 -1 -1 -1 -1 -1 -1 -1 -1 -1 -1 -1 -1
# ./images/13708.jpg 430 430 3
27 28 405 403 -1 -1 -1 -1 -1 -1 -1 -1 -1 -1 -1 -1
# ./images/13710.jpg 500 281 3
440 219 491 275 -1 -1 -1 -1 -1 -1 -1 -1 -1 -1 -1 -1
# ./images/13714.jpg 430 430 3
28 26 405 401 -1 -1 -1 -1 -1 -1 -1 -1 -1 -1 -1 -1
# ./images/13715.jpg 281 500 3
124 135 188 206 -1 -1 -1 -1 -1 -1 -1 -1 -1 -1 -1 -1
# ./images/13721.jpg 400 400 3
26 23 373 372 -1 -1 -1 -1 -1 -1 -1 -1 -1 -1 -1 -1
# ./images/13723.jpg 289 500 3
93 318 193 416 -1 -1 -1 -1 -1 -1 -1 -1 -1 -1 -1 -1
# ./images/13730.jpg 433 500 3
163 114 336 294 -1 -1 -1 -1 -1 -1 -1 -1 -1 -1 -1 -1
# ./images/13732.jpg 281 500 3
42 187 243 385 -1 -1 -1 -1 -1 -1 -1 -1 -1 -1 -1 -1
# ./images/13755.jpg 400 400 3
51 51 353 350 -1 -1 -1 -1 -1 -1 -1 -1 -1 -1 -1 -1
# ./images/13760.jpg 281 500 3
44 196 239 394 -1 -1 -1 -1 -1 -1 -1 -1 -1 -1 -1 -1
# ./images/13789.jpg 281 500 3
193 228 235 267 -1 -1 -1 -1 -1 -1 -1 -1 -1 -1 -1 -1
# ./images/13810.jpg 500 301 3
292 105 363 179 -1 -1 -1 -1 -1 -1 -1 -1 -1 -1 -1 -1
# ./images/13814.jpg 500 294 3
432 218 495 280 -1 -1 -1 -1 -1 -1 -1 -1 -1 -1 -1 -1
# ./images/13824.jpg 500 500 3
35 33 466 466 -1 -1 -1 -1 -1 -1 -1 -1 -1 -1 -1 -1
# ./images/13869.jpg 499 280 3
388 158 448 219 -1 -1 -1 -1 -1 -1 -1 -1 -1 -1 -1 -1
# ./images/13876.jpg 400 400 3
27 27 373 375 -1 -1 -1 -1 -1 -1 -1 -1 -1 -1 -1 -1
# ./images/13883.jpg 281 500 3
110 266 171 331 -1 -1 -1 -1 -1 -1 -1 -1 -1 -1 -1 -1
# ./images/13898.jpg 281 500 3
18 409 89 480 -1 -1 -1 -1 -1 -1 -1 -1 -1 -1 -1 -1
# ./images/13909.jpg 320 499 3
118 227 204 313 -1 -1 -1 -1 -1 -1 -1 -1 -1 -1 -1 -1
# ./images/13911.jpg 310 499 3
23 416 69 465 -1 -1 -1 -1 -1 -1 -1 -1 -1 -1 -1 -1
# ./images/13956.jpg 500 500 3
290 263 492 451 -1 -1 -1 -1 -1 -1 -1 -1 -1 -1 -1 -1
# ./images/13962.jpg 333 500 3
1 1 92 92 -1 -1 -1 -1 -1 -1 -1 -1 -1 -1 -1 -1
# ./images/13998.jpg 500 375 3
422 250 483 312 -1 -1 -1 -1 -1 -1 -1 -1 -1 -1 -1 -1
# ./images/14002.jpg 333 500 3
21 403 72 456 -1 -1 -1 -1 -1 -1 -1 -1 -1 -1 -1 -1
# ./images/14008.jpg 375 500 3
218 344 343 468 -1 -1 -1 -1 -1 -1 -1 -1 -1 -1 -1 -1
# ./images/14011.jpg 253 499 3
79 375 165 462 -1 -1 -1 -1 -1 -1 -1 -1 -1 -1 -1 -1
# ./images/14021.jpg 280 499 3
177 208 217 251 -1 -1 -1 -1 -1 -1 -1 -1 -1 -1 -1 -1
# ./images/14048.jpg 467 500 3
89 369 178 457 -1 -1 -1 -1 -1 -1 -1 -1 -1 -1 -1 -1
# ./images/14052.jpg 281 500 3
228 444 274 497 -1 -1 -1 -1 -1 -1 -1 -1 -1 -1 -1 -1
# ./images/14053.jpg 500 500 3
32 31 466 469 -1 -1 -1 -1 -1 -1 -1 -1 -1 -1 -1 -1
# ./images/14066.jpg 500 500 3
35 33 463 464 -1 -1 -1 -1 -1 -1 -1 -1 -1 -1 -1 -1
# ./images/14105.jpg 500 500 3
20 13 482 488 -1 -1 -1 -1 -1 -1 -1 -1 -1 -1 -1 -1
# ./images/14134.jpg 500 500 3
370 185 447 263 -1 -1 -1 -1 -1 -1 -1 -1 -1 -1 -1 -1
# ./images/14158.jpg 500 500 3
198 391 264 455 -1 -1 -1 -1 -1 -1 -1 -1 -1 -1 -1 -1
# ./images/14161.jpg 241 500 3
18 358 108 446 -1 -1 -1 -1 -1 -1 -1 -1 -1 -1 -1 -1
# ./images/14188.jpg 281 500 3
144 430 198 483 -1 -1 -1 -1 -1 -1 -1 -1 -1 -1 -1 -1
# ./images/14220.jpg 375 500 3
12 1 179 163 -1 -1 -1 -1 -1 -1 -1 -1 -1 -1 -1 -1
# ./images/14224.jpg 500 500 3
356 365 486 499 -1 -1 -1 -1 -1 -1 -1 -1 -1 -1 -1 -1
# ./images/14234.jpg 500 281 3
437 216 491 276 -1 -1 -1 -1 -1 -1 -1 -1 -1 -1 -1 -1
# ./images/14256.jpg 375 500 3
206 296 357 453 -1 -1 -1 -1 -1 -1 -1 -1 -1 -1 -1 -1
# ./images/14279.jpg 500 230 3
456 184 498 230 -1 -1 -1 -1 -1 -1 -1 -1 -1 -1 -1 -1
# ./images/14294.jpg 500 281 3
436 214 493 278 -1 -1 -1 -1 -1 -1 -1 -1 -1 -1 -1 -1
# ./images/14298.jpg 500 499 3
21 363 146 493 -1 -1 -1 -1 -1 -1 -1 -1 -1 -1 -1 -1
# ./images/14300.jpg 500 280 3
435 215 496 279 -1 -1 -1 -1 -1 -1 -1 -1 -1 -1 -1 -1
# ./images/14303.jpg 375 500 3
82 185 152 251 -1 -1 -1 -1 -1 -1 -1 -1 -1 -1 -1 -1
# ./images/14319.jpg 300 500 3
198 422 266 495 -1 -1 -1 -1 -1 -1 -1 -1 -1 -1 -1 -1
# ./images/14322.jpg 281 500 3
87 287 192 398 -1 -1 -1 -1 -1 -1 -1 -1 -1 -1 -1 -1
# ./images/14326.jpg 400 400 3
28 26 372 374 -1 -1 -1 -1 -1 -1 -1 -1 -1 -1 -1 -1
# ./images/14341.jpg 281 500 3
95 359 199 464 -1 -1 -1 -1 -1 -1 -1 -1 -1 -1 -1 -1
# ./images/14349.jpg 500 500 3
386 375 483 481 -1 -1 -1 -1 -1 -1 -1 -1 -1 -1 -1 -1
# ./images/14370.jpg 430 430 3
25 24 401 402 -1 -1 -1 -1 -1 -1 -1 -1 -1 -1 -1 -1
# ./images/14409.jpg 312 500 3
108 339 200 435 -1 -1 -1 -1 -1 -1 -1 -1 -1 -1 -1 -1
# ./images/14427.jpg 281 500 3
237 326 273 359 -1 -1 -1 -1 -1 -1 -1 -1 -1 -1 -1 -1
# ./images/14432.jpg 353 500 3
145 335 210 407 -1 -1 -1 -1 -1 -1 -1 -1 -1 -1 -1 -1
# ./images/14434.jpg 364 500 3
91 97 273 284 -1 -1 -1 -1 -1 -1 -1 -1 -1 -1 -1 -1
# ./images/14446.jpg 320 499 3
114 224 201 317 -1 -1 -1 -1 -1 -1 -1 -1 -1 -1 -1 -1
# ./images/14460.jpg 484 486 3
29 25 449 439 -1 -1 -1 -1 -1 -1 -1 -1 -1 -1 -1 -1
# ./images/14464.jpg 280 499 3
103 322 177 399 -1 -1 -1 -1 -1 -1 -1 -1 -1 -1 -1 -1
# ./images/14505.jpg 433 500 3
116 72 285 246 -1 -1 -1 -1 -1 -1 -1 -1 -1 -1 -1 -1
# ./images/14508.jpg 500 500 3
5 3 497 496 -1 -1 -1 -1 -1 -1 -1 -1 -1 -1 -1 -1
# ./images/14513.jpg 500 500 3
88 80 412 399 -1 -1 -1 -1 -1 -1 -1 -1 -1 -1 -1 -1
# ./images/14548.jpg 366 500 3
19 301 120 396 -1 -1 -1 -1 -1 -1 -1 -1 -1 -1 -1 -1
# ./images/14568.jpg 386 499 3
72 391 137 461 -1 -1 -1 -1 -1 -1 -1 -1 -1 -1 -1 -1
# ./images/14577.jpg 351 499 3
225 369 333 477 -1 -1 -1 -1 -1 -1 -1 -1 -1 -1 -1 -1
# ./images/14582.jpg 500 281 3
433 201 483 245 -1 -1 -1 -1 -1 -1 -1 -1 -1 -1 -1 -1
# ./images/14606.jpg 367 500 3
286 274 338 329 -1 -1 -1 -1 -1 -1 -1 -1 -1 -1 -1 -1
# ./images/14642.jpg 390 500 3
258 364 378 487 -1 -1 -1 -1 -1 -1 -1 -1 -1 -1 -1 -1
# ./images/14664.jpg 500 281 3
10 169 75 233 -1 -1 -1 -1 -1 -1 -1 -1 -1 -1 -1 -1
# ./images/14665.jpg 374 499 3
77 355 141 421 -1 -1 -1 -1 -1 -1 -1 -1 -1 -1 -1 -1
# ./images/14695.jpg 320 500 3
103 323 213 439 -1 -1 -1 -1 -1 -1 -1 -1 -1 -1 -1 -1
# ./images/14752.jpg 333 500 3
224 394 318 496 -1 -1 -1 -1 -1 -1 -1 -1 -1 -1 -1 -1
# ./images/14756.jpg 310 500 3
106 386 209 496 -1 -1 -1 -1 -1 -1 -1 -1 -1 -1 -1 -1
# ./images/14768.jpg 430 430 3
29 29 399 404 -1 -1 -1 -1 -1 -1 -1 -1 -1 -1 -1 -1
# ./images/14775.jpg 281 500 3
83 183 193 297 -1 -1 -1 -1 -1 -1 -1 -1 -1 -1 -1 -1
# ./images/14777.jpg 404 500 3
116 208 317 411 -1 -1 -1 -1 -1 -1 -1 -1 -1 -1 -1 -1
# ./images/14804.jpg 372 500 3
24 363 141 484 -1 -1 -1 -1 -1 -1 -1 -1 -1 -1 -1 -1
# ./images/14806.jpg 374 500 3
331 51 367 86 -1 -1 -1 -1 -1 -1 -1 -1 -1 -1 -1 -1
# ./images/14809.jpg 386 499 3
45 125 340 422 -1 -1 -1 -1 -1 -1 -1 -1 -1 -1 -1 -1
# ./images/14817.jpg 265 499 3
41 415 104 483 -1 -1 -1 -1 -1 -1 -1 -1 -1 -1 -1 -1
# ./images/14825.jpg 344 500 3
229 376 331 479 -1 -1 -1 -1 -1 -1 -1 -1 -1 -1 -1 -1
# ./images/14828.jpg 433 500 3
107 169 403 466 -1 -1 -1 -1 -1 -1 -1 -1 -1 -1 -1 -1
# ./images/14832.jpg 338 500 3
111 347 233 468 -1 -1 -1 -1 -1 -1 -1 -1 -1 -1 -1 -1
# ./images/14850.jpg 386 499 3
44 123 342 421 -1 -1 -1 -1 -1 -1 -1 -1 -1 -1 -1 -1
# ./images/14859.jpg 430 430 3
29 30 401 401 -1 -1 -1 -1 -1 -1 -1 -1 -1 -1 -1 -1
# ./images/14862.jpg 433 500 3
225 305 380 467 -1 -1 -1 -1 -1 -1 -1 -1 -1 -1 -1 -1
# ./images/14863.jpg 500 500 3
86 90 181 188 -1 -1 -1 -1 -1 -1 -1 -1 -1 -1 -1 -1
# ./images/14868.jpg 500 500 3
23 299 156 441 -1 -1 -1 -1 -1 -1 -1 -1 -1 -1 -1 -1
# ./images/14885.jpg 333 500 3
31 455 81 500 -1 -1 -1 -1 -1 -1 -1 -1 -1 -1 -1 -1
# ./images/14914.jpg 323 500 3
109 319 217 425 -1 -1 -1 -1 -1 -1 -1 -1 -1 -1 -1 -1
# ./images/14928.jpg 386 499 3
6 4 496 499 -1 -1 -1 -1 -1 -1 -1 -1 -1 -1 -1 -1
94 171 298 375 -1 -1 -1 -1 -1 -1 -1 -1 -1 -1 -1 -1
# ./images/14953.jpg 500 500 3
12 11 118 115 -1 -1 -1 -1 -1 -1 -1 -1 -1 -1 -1 -1
# ./images/14998.jpg 280 499 3
149 380 236 465 -1 -1 -1 -1 -1 -1 -1 -1 -1 -1 -1 -1
# ./images/15003.jpg 280 499 3
104 322 177 397 -1 -1 -1 -1 -1 -1 -1 -1 -1 -1 -1 -1
# ./images/15011.jpg 375 499 3
128 273 247 391 -1 -1 -1 -1 -1 -1 -1 -1 -1 -1 -1 -1
# ./images/15023.jpg 281 500 3
148 179 256 289 -1 -1 -1 -1 -1 -1 -1 -1 -1 -1 -1 -1
# ./images/15028.jpg 353 500 3
140 398 214 474 -1 -1 -1 -1 -1 -1 -1 -1 -1 -1 -1 -1
# ./images/15029.jpg 326 499 3
207 341 299 438 -1 -1 -1 -1 -1 -1 -1 -1 -1 -1 -1 -1
# ./images/15042.jpg 280 500 3
47 196 230 385 -1 -1 -1 -1 -1 -1 -1 -1 -1 -1 -1 -1
# ./images/15056.jpg 332 500 3
232 437 279 480 -1 -1 -1 -1 -1 -1 -1 -1 -1 -1 -1 -1
# ./images/15060.jpg 281 500 3
21 409 87 478 -1 -1 -1 -1 -1 -1 -1 -1 -1 -1 -1 -1
# ./images/15077.jpg 500 374 3
82 1 121 37 -1 -1 -1 -1 -1 -1 -1 -1 -1 -1 -1 -1
# ./images/15084.jpg 335 500 3
267 431 321 486 -1 -1 -1 -1 -1 -1 -1 -1 -1 -1 -1 -1
# ./images/15096.jpg 272 500 3
212 429 255 480 -1 -1 -1 -1 -1 -1 -1 -1 -1 -1 -1 -1
# ./images/15117.jpg 280 499 3
43 194 230 382 -1 -1 -1 -1 -1 -1 -1 -1 -1 -1 -1 -1
# ./images/15120.jpg 433 500 3
136 95 282 253 -1 -1 -1 -1 -1 -1 -1 -1 -1 -1 -1 -1
# ./images/15121.jpg 433 500 3
50 202 246 402 -1 -1 -1 -1 -1 -1 -1 -1 -1 -1 -1 -1
# ./images/15164.jpg 281 500 3
20 409 88 476 -1 -1 -1 -1 -1 -1 -1 -1 -1 -1 -1 -1
# ./images/15165.jpg 281 500 3
167 200 226 255 -1 -1 -1 -1 -1 -1 -1 -1 -1 -1 -1 -1
# ./images/15196.jpg 390 500 3
37 140 358 457 -1 -1 -1 -1 -1 -1 -1 -1 -1 -1 -1 -1
# ./images/15200.jpg 428 500 3
4 357 121 474 -1 -1 -1 -1 -1 -1 -1 -1 -1 -1 -1 -1
# ./images/15201.jpg 448 500 3
243 223 412 390 -1 -1 -1 -1 -1 -1 -1 -1 -1 -1 -1 -1
# ./images/15210.jpg 376 500 3
92 161 301 370 -1 -1 -1 -1 -1 -1 -1 -1 -1 -1 -1 -1
# ./images/15237.jpg 352 500 3
185 334 334 489 -1 -1 -1 -1 -1 -1 -1 -1 -1 -1 -1 -1
# ./images/15238.jpg 500 312 3
323 90 463 225 -1 -1 -1 -1 -1 -1 -1 -1 -1 -1 -1 -1
# ./images/15258.jpg 400 400 3
29 27 379 377 -1 -1 -1 -1 -1 -1 -1 -1 -1 -1 -1 -1
# ./images/15266.jpg 400 400 3
43 45 359 359 -1 -1 -1 -1 -1 -1 -1 -1 -1 -1 -1 -1
# ./images/15286.jpg 281 500 3
42 186 240 390 -1 -1 -1 -1 -1 -1 -1 -1 -1 -1 -1 -1
# ./images/15314.jpg 500 500 3
7 4 495 496 -1 -1 -1 -1 -1 -1 -1 -1 -1 -1 -1 -1
# ./images/15327.jpg 281 500 3
26 355 107 445 -1 -1 -1 -1 -1 -1 -1 -1 -1 -1 -1 -1
# ./images/15328.jpg 500 500 3
6 1 491 496 -1 -1 -1 -1 -1 -1 -1 -1 -1 -1 -1 -1
# ./images/15329.jpg 344 500 3
25 369 108 455 -1 -1 -1 -1 -1 -1 -1 -1 -1 -1 -1 -1
# ./images/15332.jpg 433 500 3
113 41 265 190 -1 -1 -1 -1 -1 -1 -1 -1 -1 -1 -1 -1
# ./images/15336.jpg 400 400 3
26 28 377 377 -1 -1 -1 -1 -1 -1 -1 -1 -1 -1 -1 -1
# ./images/15348.jpg 358 500 3
97 192 272 370 -1 -1 -1 -1 -1 -1 -1 -1 -1 -1 -1 -1
# ./images/15355.jpg 283 500 3
162 361 244 445 -1 -1 -1 -1 -1 -1 -1 -1 -1 -1 -1 -1
# ./images/15364.jpg 500 250 3
7 146 72 210 -1 -1 -1 -1 -1 -1 -1 -1 -1 -1 -1 -1
# ./images/15366.jpg 500 500 3
85 155 208 278 -1 -1 -1 -1 -1 -1 -1 -1 -1 -1 -1 -1
# ./images/15370.jpg 400 400 3
49 40 360 358 -1 -1 -1 -1 -1 -1 -1 -1 -1 -1 -1 -1
# ./images/15376.jpg 333 500 3
96 283 154 339 -1 -1 -1 -1 -1 -1 -1 -1 -1 -1 -1 -1
# ./images/15387.jpg 500 333 3
410 15 483 87 -1 -1 -1 -1 -1 -1 -1 -1 -1 -1 -1 -1
# ./images/15395.jpg 281 500 3
48 198 232 389 -1 -1 -1 -1 -1 -1 -1 -1 -1 -1 -1 -1
# ./images/15427.jpg 281 500 3
59 429 98 469 -1 -1 -1 -1 -1 -1 -1 -1 -1 -1 -1 -1
# ./images/15437.jpg 330 500 3
205 372 318 484 -1 -1 -1 -1 -1 -1 -1 -1 -1 -1 -1 -1
# ./images/15456.jpg 281 500 3
207 369 272 441 -1 -1 -1 -1 -1 -1 -1 -1 -1 -1 -1 -1
# ./images/15461.jpg 500 500 3
376 28 468 121 -1 -1 -1 -1 -1 -1 -1 -1 -1 -1 -1 -1
# ./images/15472.jpg 500 281 3
430 201 490 270 -1 -1 -1 -1 -1 -1 -1 -1 -1 -1 -1 -1
# ./images/15498.jpg 333 500 3
188 331 302 450 -1 -1 -1 -1 -1 -1 -1 -1 -1 -1 -1 -1
# ./images/15504.jpg 500 500 3
43 96 121 178 -1 -1 -1 -1 -1 -1 -1 -1 -1 -1 -1 -1
# ./images/15511.jpg 333 500 3
179 303 310 440 -1 -1 -1 -1 -1 -1 -1 -1 -1 -1 -1 -1
# ./images/15526.jpg 281 500 3
15 9 73 72 -1 -1 -1 -1 -1 -1 -1 -1 -1 -1 -1 -1
# ./images/15550.jpg 280 499 3
39 195 239 390 -1 -1 -1 -1 -1 -1 -1 -1 -1 -1 -1 -1
# ./images/15567.jpg 281 500 3
235 451 267 485 -1 -1 -1 -1 -1 -1 -1 -1 -1 -1 -1 -1
# ./images/15583.jpg 433 500 3
82 266 294 481 -1 -1 -1 -1 -1 -1 -1 -1 -1 -1 -1 -1
# ./images/15590.jpg 500 377 3
333 131 442 246 -1 -1 -1 -1 -1 -1 -1 -1 -1 -1 -1 -1
# ./images/15612.jpg 375 500 3
112 308 271 472 -1 -1 -1 -1 -1 -1 -1 -1 -1 -1 -1 -1
# ./images/15640.jpg 360 500 3
27 378 106 466 -1 -1 -1 -1 -1 -1 -1 -1 -1 -1 -1 -1
# ./images/15647.jpg 332 500 3
135 183 199 247 -1 -1 -1 -1 -1 -1 -1 -1 -1 -1 -1 -1
# ./images/15654.jpg 351 499 3
227 369 330 482 -1 -1 -1 -1 -1 -1 -1 -1 -1 -1 -1 -1
# ./images/15656.jpg 280 499 3
104 323 178 400 -1 -1 -1 -1 -1 -1 -1 -1 -1 -1 -1 -1
# ./images/15702.jpg 281 500 3
78 264 204 394 -1 -1 -1 -1 -1 -1 -1 -1 -1 -1 -1 -1
# ./images/15739.jpg 367 500 3
139 362 228 452 -1 -1 -1 -1 -1 -1 -1 -1 -1 -1 -1 -1
# ./images/15761.jpg 281 500 3
23 379 88 446 -1 -1 -1 -1 -1 -1 -1 -1 -1 -1 -1 -1
# ./images/15786.jpg 433 500 3
65 39 246 222 -1 -1 -1 -1 -1 -1 -1 -1 -1 -1 -1 -1
# ./images/15816.jpg 433 500 3
163 100 372 314 -1 -1 -1 -1 -1 -1 -1 -1 -1 -1 -1 -1
# ./images/15819.jpg 433 500 3
27 169 261 406 -1 -1 -1 -1 -1 -1 -1 -1 -1 -1 -1 -1
# ./images/15848.jpg 433 500 3
180 314 355 485 -1 -1 -1 -1 -1 -1 -1 -1 -1 -1 -1 -1
# ./images/15876.jpg 433 500 3
36 185 338 479 -1 -1 -1 -1 -1 -1 -1 -1 -1 -1 -1 -1
# ./images/15892.jpg 433 500 3
19 24 202 217 -1 -1 -1 -1 -1 -1 -1 -1 -1 -1 -1 -1
# ./images/15893.jpg 400 400 3
52 51 351 352 -1 -1 -1 -1 -1 -1 -1 -1 -1 -1 -1 -1
# ./images/15898.jpg 281 500 3
162 329 248 418 -1 -1 -1 -1 -1 -1 -1 -1 -1 -1 -1 -1
# ./images/15903.jpg 365 500 3
238 337 341 441 -1 -1 -1 -1 -1 -1 -1 -1 -1 -1 -1 -1
# ./images/15931.jpg 294 500 3
233 429 280 479 -1 -1 -1 -1 -1 -1 -1 -1 -1 -1 -1 -1
# ./images/15969.jpg 281 500 3
217 9 270 64 -1 -1 -1 -1 -1 -1 -1 -1 -1 -1 -1 -1
# ./images/16004.jpg 500 500 3
388 24 482 120 -1 -1 -1 -1 -1 -1 -1 -1 -1 -1 -1 -1
# ./images/16007.jpg 320 499 3
114 222 202 316 -1 -1 -1 -1 -1 -1 -1 -1 -1 -1 -1 -1
# ./images/16018.jpg 281 500 3
60 372 120 429 -1 -1 -1 -1 -1 -1 -1 -1 -1 -1 -1 -1
# ./images/16029.jpg 271 500 3
26 416 85 474 -1 -1 -1 -1 -1 -1 -1 -1 -1 -1 -1 -1
# ./images/16032.jpg 467 500 3
92 372 176 458 -1 -1 -1 -1 -1 -1 -1 -1 -1 -1 -1 -1
# ./images/16057.jpg 280 499 3
103 323 177 397 -1 -1 -1 -1 -1 -1 -1 -1 -1 -1 -1 -1
# ./images/16066.jpg 500 500 3
306 181 486 383 -1 -1 -1 -1 -1 -1 -1 -1 -1 -1 -1 -1
# ./images/16080.jpg 280 500 3
32 355 104 426 -1 -1 -1 -1 -1 -1 -1 -1 -1 -1 -1 -1
# ./images/16140.jpg 386 499 3
44 122 342 423 -1 -1 -1 -1 -1 -1 -1 -1 -1 -1 -1 -1
# ./images/16149.jpg 360 500 3
311 442 345 485 -1 -1 -1 -1 -1 -1 -1 -1 -1 -1 -1 -1
# ./images/16155.jpg 500 500 3
88 78 408 403 -1 -1 -1 -1 -1 -1 -1 -1 -1 -1 -1 -1
# ./images/16159.jpg 340 500 3
253 283 336 364 -1 -1 -1 -1 -1 -1 -1 -1 -1 -1 -1 -1
# ./images/16175.jpg 333 500 3
272 442 331 500 -1 -1 -1 -1 -1 -1 -1 -1 -1 -1 -1 -1
# ./images/16184.jpg 500 281 3
433 199 482 249 -1 -1 -1 -1 -1 -1 -1 -1 -1 -1 -1 -1
# ./images/16216.jpg 341 500 3
79 222 136 280 -1 -1 -1 -1 -1 -1 -1 -1 -1 -1 -1 -1
# ./images/16260.jpg 500 500 3
90 91 406 410 -1 -1 -1 -1 -1 -1 -1 -1 -1 -1 -1 -1
# ./images/16284.jpg 500 500 3
90 80 411 401 -1 -1 -1 -1 -1 -1 -1 -1 -1 -1 -1 -1
# ./images/16312.jpg 317 500 3
232 396 301 470 -1 -1 -1 -1 -1 -1 -1 -1 -1 -1 -1 -1
# ./images/16321.jpg 333 500 3
243 274 310 341 -1 -1 -1 -1 -1 -1 -1 -1 -1 -1 -1 -1
# ./images/16339.jpg 281 500 3
70 280 195 411 -1 -1 -1 -1 -1 -1 -1 -1 -1 -1 -1 -1
# ./images/16340.jpg 280 500 3
222 446 259 484 -1 -1 -1 -1 -1 -1 -1 -1 -1 -1 -1 -1
# ./images/16355.jpg 500 500 3
102 79 408 385 -1 -1 -1 -1 -1 -1 -1 -1 -1 -1 -1 -1
# ./images/16359.jpg 280 500 3
210 422 258 472 -1 -1 -1 -1 -1 -1 -1 -1 -1 -1 -1 -1
# ./images/16402.jpg 281 500 3
93 290 184 383 -1 -1 -1 -1 -1 -1 -1 -1 -1 -1 -1 -1
# ./images/16403.jpg 280 499 3
103 321 180 397 -1 -1 -1 -1 -1 -1 -1 -1 -1 -1 -1 -1
# ./images/16404.jpg 433 500 3
149 30 322 205 -1 -1 -1 -1 -1 -1 -1 -1 -1 -1 -1 -1
# ./images/16413.jpg 280 499 3
26 367 115 457 -1 -1 -1 -1 -1 -1 -1 -1 -1 -1 -1 -1
# ./images/16427.jpg 433 500 3
31 308 207 483 -1 -1 -1 -1 -1 -1 -1 -1 -1 -1 -1 -1
# ./images/16456.jpg 500 375 3
315 196 482 367 -1 -1 -1 -1 -1 -1 -1 -1 -1 -1 -1 -1
# ./images/16497.jpg 499 316 3
416 226 497 316 -1 -1 -1 -1 -1 -1 -1 -1 -1 -1 -1 -1
# ./images/16502.jpg 430 430 3
30 26 401 401 -1 -1 -1 -1 -1 -1 -1 -1 -1 -1 -1 -1
# ./images/16516.jpg 280 499 3
83 328 134 383 -1 -1 -1 -1 -1 -1 -1 -1 -1 -1 -1 -1
# ./images/16521.jpg 500 427 3
363 322 458 414 -1 -1 -1 -1 -1 -1 -1 -1 -1 -1 -1 -1
# ./images/16538.jpg 338 500 3
112 350 234 466 -1 -1 -1 -1 -1 -1 -1 -1 -1 -1 -1 -1
# ./images/16546.jpg 424 500 3
322 405 404 487 -1 -1 -1 -1 -1 -1 -1 -1 -1 -1 -1 -1
# ./images/16571.jpg 250 500 3
44 191 208 359 -1 -1 -1 -1 -1 -1 -1 -1 -1 -1 -1 -1
# ./images/16585.jpg 296 500 3
77 255 222 397 -1 -1 -1 -1 -1 -1 -1 -1 -1 -1 -1 -1
# ./images/16590.jpg 430 430 3
28 30 397 402 -1 -1 -1 -1 -1 -1 -1 -1 -1 -1 -1 -1
# ./images/16595.jpg 500 375 3
92 177 130 215 -1 -1 -1 -1 -1 -1 -1 -1 -1 -1 -1 -1
272 183 297 213 -1 -1 -1 -1 -1 -1 -1 -1 -1 -1 -1 -1
402 186 425 212 -1 -1 -1 -1 -1 -1 -1 -1 -1 -1 -1 -1
# ./images/16600.jpg 368 500 3
310 451 344 485 -1 -1 -1 -1 -1 -1 -1 -1 -1 -1 -1 -1
# ./images/16620.jpg 500 375 3
61 122 190 268 -1 -1 -1 -1 -1 -1 -1 -1 -1 -1 -1 -1
# ./images/16636.jpg 433 500 3
53 59 287 294 -1 -1 -1 -1 -1 -1 -1 -1 -1 -1 -1 -1
# ./images/16642.jpg 297 500 3
53 346 130 424 -1 -1 -1 -1 -1 -1 -1 -1 -1 -1 -1 -1
# ./images/16646.jpg 281 500 3
146 434 194 484 -1 -1 -1 -1 -1 -1 -1 -1 -1 -1 -1 -1
# ./images/16666.jpg 281 500 3
84 180 196 296 -1 -1 -1 -1 -1 -1 -1 -1 -1 -1 -1 -1
# ./images/16690.jpg 136 136 3
19 19 117 118 -1 -1 -1 -1 -1 -1 -1 -1 -1 -1 -1 -1
# ./images/16691.jpg 280 499 3
91 249 117 279 -1 -1 -1 -1 -1 -1 -1 -1 -1 -1 -1 -1
# ./images/16693.jpg 500 500 3
5 3 500 500 -1 -1 -1 -1 -1 -1 -1 -1 -1 -1 -1 -1
# ./images/16713.jpg 280 499 3
45 195 238 386 -1 -1 -1 -1 -1 -1 -1 -1 -1 -1 -1 -1
# ./images/16748.jpg 450 500 3
68 276 144 361 -1 -1 -1 -1 -1 -1 -1 -1 -1 -1 -1 -1
# ./images/16755.jpg 281 500 3
81 309 199 428 -1 -1 -1 -1 -1 -1 -1 -1 -1 -1 -1 -1
# ./images/16800.jpg 281 499 3
101 419 166 484 -1 -1 -1 -1 -1 -1 -1 -1 -1 -1 -1 -1
# ./images/16804.jpg 500 500 3
15 304 160 438 -1 -1 -1 -1 -1 -1 -1 -1 -1 -1 -1 -1
# ./images/16816.jpg 500 500 3
28 445 63 485 -1 -1 -1 -1 -1 -1 -1 -1 -1 -1 -1 -1
# ./images/16827.jpg 281 500 3
103 235 181 313 -1 -1 -1 -1 -1 -1 -1 -1 -1 -1 -1 -1
# ./images/16886.jpg 430 430 3
28 25 400 400 -1 -1 -1 -1 -1 -1 -1 -1 -1 -1 -1 -1
# ./images/16888.jpg 442 500 3
284 279 376 374 -1 -1 -1 -1 -1 -1 -1 -1 -1 -1 -1 -1
# ./images/16897.jpg 161 500 3
94 461 121 491 -1 -1 -1 -1 -1 -1 -1 -1 -1 -1 -1 -1
129 461 156 492 -1 -1 -1 -1 -1 -1 -1 -1 -1 -1 -1 -1
# ./images/16909.jpg 281 500 3
49 197 237 389 -1 -1 -1 -1 -1 -1 -1 -1 -1 -1 -1 -1
# ./images/16920.jpg 311 500 3
222 369 300 451 -1 -1 -1 -1 -1 -1 -1 -1 -1 -1 -1 -1
# ./images/16941.jpg 430 430 3
30 29 402 402 -1 -1 -1 -1 -1 -1 -1 -1 -1 -1 -1 -1
# ./images/16960.jpg 281 500 3
71 289 209 429 -1 -1 -1 -1 -1 -1 -1 -1 -1 -1 -1 -1
# ./images/16961.jpg 500 281 3
430 206 495 266 -1 -1 -1 -1 -1 -1 -1 -1 -1 -1 -1 -1
# ./images/16976.jpg 500 500 3
400 24 468 96 -1 -1 -1 -1 -1 -1 -1 -1 -1 -1 -1 -1
# ./images/17000.jpg 251 500 3
146 434 189 484 -1 -1 -1 -1 -1 -1 -1 -1 -1 -1 -1 -1
# ./images/17024.jpg 500 500 3
21 305 162 439 -1 -1 -1 -1 -1 -1 -1 -1 -1 -1 -1 -1
# ./images/17039.jpg 281 500 3
11 412 57 461 -1 -1 -1 -1 -1 -1 -1 -1 -1 -1 -1 -1
# ./images/17049.jpg 433 500 3
32 136 226 335 -1 -1 -1 -1 -1 -1 -1 -1 -1 -1 -1 -1
# ./images/17060.jpg 281 500 3
229 439 268 479 -1 -1 -1 -1 -1 -1 -1 -1 -1 -1 -1 -1
# ./images/17072.jpg 433 500 3
86 176 336 434 -1 -1 -1 -1 -1 -1 -1 -1 -1 -1 -1 -1
# ./images/17100.jpg 365 500 3
92 167 280 361 -1 -1 -1 -1 -1 -1 -1 -1 -1 -1 -1 -1
# ./images/17111.jpg 333 500 3
231 359 318 450 -1 -1 -1 -1 -1 -1 -1 -1 -1 -1 -1 -1
# ./images/17119.jpg 241 500 3
20 356 111 445 -1 -1 -1 -1 -1 -1 -1 -1 -1 -1 -1 -1
# ./images/17129.jpg 204 499 3
22 471 46 497 -1 -1 -1 -1 -1 -1 -1 -1 -1 -1 -1 -1
# ./images/17151.jpg 498 500 3
112 109 395 399 -1 -1 -1 -1 -1 -1 -1 -1 -1 -1 -1 -1
# ./images/17160.jpg 307 500 3
225 401 289 463 -1 -1 -1 -1 -1 -1 -1 -1 -1 -1 -1 -1
# ./images/17162.jpg 346 500 3
131 345 230 446 -1 -1 -1 -1 -1 -1 -1 -1 -1 -1 -1 -1
# ./images/17168.jpg 221 500 3
102 433 123 451 -1 -1 -1 -1 -1 -1 -1 -1 -1 -1 -1 -1
# ./images/17171.jpg 221 500 3
144 383 205 442 -1 -1 -1 -1 -1 -1 -1 -1 -1 -1 -1 -1
# ./images/17175.jpg 430 430 3
31 28 403 401 -1 -1 -1 -1 -1 -1 -1 -1 -1 -1 -1 -1
# ./images/17208.jpg 327 500 3
11 420 83 489 -1 -1 -1 -1 -1 -1 -1 -1 -1 -1 -1 -1
# ./images/17210.jpg 499 470 3
308 108 403 209 -1 -1 -1 -1 -1 -1 -1 -1 -1 -1 -1 -1
# ./images/17240.jpg 482 499 3
4 8 455 477 -1 -1 -1 -1 -1 -1 -1 -1 -1 -1 -1 -1
# ./images/17242.jpg 329 500 3
208 368 312 478 -1 -1 -1 -1 -1 -1 -1 -1 -1 -1 -1 -1
# ./images/17253.jpg 335 500 3
286 448 333 500 -1 -1 -1 -1 -1 -1 -1 -1 -1 -1 -1 -1
# ./images/17270.jpg 500 500 3
417 24 480 85 -1 -1 -1 -1 -1 -1 -1 -1 -1 -1 -1 -1
# ./images/17277.jpg 500 281 3
437 214 497 275 -1 -1 -1 -1 -1 -1 -1 -1 -1 -1 -1 -1
# ./images/17278.jpg 280 499 3
95 341 178 432 -1 -1 -1 -1 -1 -1 -1 -1 -1 -1 -1 -1
# ./images/17280.jpg 500 500 3
363 16 482 136 -1 -1 -1 -1 -1 -1 -1 -1 -1 -1 -1 -1
# ./images/17286.jpg 376 500 3
47 134 332 416 -1 -1 -1 -1 -1 -1 -1 -1 -1 -1 -1 -1
# ./images/17304.jpg 500 498 3
22 17 480 479 -1 -1 -1 -1 -1 -1 -1 -1 -1 -1 -1 -1
# ./images/17314.jpg 280 499 3
102 322 177 399 -1 -1 -1 -1 -1 -1 -1 -1 -1 -1 -1 -1
# ./images/17316.jpg 433 500 3
105 25 403 322 -1 -1 -1 -1 -1 -1 -1 -1 -1 -1 -1 -1
# ./images/17328.jpg 400 400 3
55 55 350 353 -1 -1 -1 -1 -1 -1 -1 -1 -1 -1 -1 -1
# ./images/17329.jpg 280 499 3
202 419 261 482 -1 -1 -1 -1 -1 -1 -1 -1 -1 -1 -1 -1
# ./images/17352.jpg 280 499 3
93 328 187 425 -1 -1 -1 -1 -1 -1 -1 -1 -1 -1 -1 -1
# ./images/17389.jpg 281 500 3
22 409 89 479 -1 -1 -1 -1 -1 -1 -1 -1 -1 -1 -1 -1
# ./images/17399.jpg 370 370 3
2 2 366 369 -1 -1 -1 -1 -1 -1 -1 -1 -1 -1 -1 -1
# ./images/17418.jpg 500 500 3
31 25 157 156 -1 -1 -1 -1 -1 -1 -1 -1 -1 -1 -1 -1
# ./images/17426.jpg 448 500 3
244 228 410 392 -1 -1 -1 -1 -1 -1 -1 -1 -1 -1 -1 -1
# ./images/17436.jpg 424 500 3
320 398 402 490 -1 -1 -1 -1 -1 -1 -1 -1 -1 -1 -1 -1
# ./images/17439.jpg 500 500 3
3 1 493 495 -1 -1 -1 -1 -1 -1 -1 -1 -1 -1 -1 -1
# ./images/17454.jpg 433 500 3
114 90 265 248 -1 -1 -1 -1 -1 -1 -1 -1 -1 -1 -1 -1
# ./images/17483.jpg 433 500 3
148 100 363 317 -1 -1 -1 -1 -1 -1 -1 -1 -1 -1 -1 -1
# ./images/17489.jpg 500 500 3
42 334 152 444 -1 -1 -1 -1 -1 -1 -1 -1 -1 -1 -1 -1
# ./images/17491.jpg 312 500 3
110 339 203 436 -1 -1 -1 -1 -1 -1 -1 -1 -1 -1 -1 -1
# ./images/17497.jpg 433 500 3
149 300 324 476 -1 -1 -1 -1 -1 -1 -1 -1 -1 -1 -1 -1
# ./images/17504.jpg 332 500 3
241 390 314 466 -1 -1 -1 -1 -1 -1 -1 -1 -1 -1 -1 -1
# ./images/17505.jpg 500 294 3
435 215 498 282 -1 -1 -1 -1 -1 -1 -1 -1 -1 -1 -1 -1
# ./images/17563.jpg 281 500 3
77 226 207 353 -1 -1 -1 -1 -1 -1 -1 -1 -1 -1 -1 -1
# ./images/17572.jpg 386 500 3
148 369 237 456 -1 -1 -1 -1 -1 -1 -1 -1 -1 -1 -1 -1
# ./images/17581.jpg 347 500 3
9 434 72 496 -1 -1 -1 -1 -1 -1 -1 -1 -1 -1 -1 -1
# ./images/17586.jpg 353 500 3
158 437 187 469 -1 -1 -1 -1 -1 -1 -1 -1 -1 -1 -1 -1
# ./images/17594.jpg 500 280 3
437 218 496 276 -1 -1 -1 -1 -1 -1 -1 -1 -1 -1 -1 -1
# ./images/17627.jpg 281 500 3
144 437 173 469 -1 -1 -1 -1 -1 -1 -1 -1 -1 -1 -1 -1
# ./images/17684.jpg 500 281 3
436 214 500 280 -1 -1 -1 -1 -1 -1 -1 -1 -1 -1 -1 -1
# ./images/17716.jpg 270 480 3
60 226 206 368 -1 -1 -1 -1 -1 -1 -1 -1 -1 -1 -1 -1
# ./images/17727.jpg 375 500 3
302 191 368 255 -1 -1 -1 -1 -1 -1 -1 -1 -1 -1 -1 -1
# ./images/17743.jpg 280 499 3
139 429 199 490 -1 -1 -1 -1 -1 -1 -1 -1 -1 -1 -1 -1
# ./images/17744.jpg 500 500 3
33 34 468 471 -1 -1 -1 -1 -1 -1 -1 -1 -1 -1 -1 -1
# ./images/17757.jpg 500 294 3
431 217 495 277 -1 -1 -1 -1 -1 -1 -1 -1 -1 -1 -1 -1
# ./images/17761.jpg 281 500 3
17 209 70 264 -1 -1 -1 -1 -1 -1 -1 -1 -1 -1 -1 -1
# ./images/17762.jpg 500 281 3
432 46 468 79 -1 -1 -1 -1 -1 -1 -1 -1 -1 -1 -1 -1
# ./images/17767.jpg 499 293 3
337 67 478 210 -1 -1 -1 -1 -1 -1 -1 -1 -1 -1 -1 -1
# ./images/17769.jpg 281 500 3
217 428 266 480 -1 -1 -1 -1 -1 -1 -1 -1 -1 -1 -1 -1
# ./images/17770.jpg 432 500 3
370 436 429 495 -1 -1 -1 -1 -1 -1 -1 -1 -1 -1 -1 -1
# ./images/17826.jpg 430 430 3
30 28 401 403 -1 -1 -1 -1 -1 -1 -1 -1 -1 -1 -1 -1
# ./images/17844.jpg 386 500 3
147 367 239 458 -1 -1 -1 -1 -1 -1 -1 -1 -1 -1 -1 -1
# ./images/17854.jpg 500 281 3
468 128 498 158 -1 -1 -1 -1 -1 -1 -1 -1 -1 -1 -1 -1
# ./images/17863.jpg 500 500 3
26 306 161 441 -1 -1 -1 -1 -1 -1 -1 -1 -1 -1 -1 -1
# ./images/17872.jpg 500 500 3
86 76 411 398 -1 -1 -1 -1 -1 -1 -1 -1 -1 -1 -1 -1
# ./images/17886.jpg 375 500 3
184 313 375 500 -1 -1 -1 -1 -1 -1 -1 -1 -1 -1 -1 -1
