# ./images/barcode_000000.jpg 1604 2618 1
1036.000000 2212.000000 1291.000000 2537.000000 -1 -1 -1 -1 -1 -1 -1 -1 -1 -1 -1 -1
# ./images/barcode_000001.jpg 612 816 1
263.000000 312.000000 401.000000 633.000000 -1 -1 -1 -1 -1 -1 -1 -1 -1 -1 -1 -1
# ./images/barcode_000002.jpg 1024 700 1
649.000000 545.000000 887.000000 634.000000 -1 -1 -1 -1 -1 -1 -1 -1 -1 -1 -1 -1
# ./images/barcode_000003.jpg 612 816 1
147.000000 233.000000 426.000000 613.000000 -1 -1 -1 -1 -1 -1 -1 -1 -1 -1 -1 -1
# ./images/barcode_000004.jpg 612 816 1
230.000000 227.000000 442.000000 597.000000 -1 -1 -1 -1 -1 -1 -1 -1 -1 -1 -1 -1
# ./images/barcode_000005.jpg 612 816 1
204.000000 255.000000 408.000000 567.000000 -1 -1 -1 -1 -1 -1 -1 -1 -1 -1 -1 -1
# ./images/barcode_000006.jpg 612 816 1
201.000000 308.000000 385.000000 525.000000 -1 -1 -1 -1 -1 -1 -1 -1 -1 -1 -1 -1
# ./images/barcode_000007.jpg 612 816 1
234.000000 317.000000 400.000000 584.000000 -1 -1 -1 -1 -1 -1 -1 -1 -1 -1 -1 -1
# ./images/barcode_000008.jpg 540 960 1
91.000000 408.000000 419.000000 563.000000 -1 -1 -1 -1 -1 -1 -1 -1 -1 -1 -1 -1
# ./images/barcode_000009.jpg 270 480 1
32.000000 163.000000 198.000000 295.000000 -1 -1 -1 -1 -1 -1 -1 -1 -1 -1 -1 -1
# ./images/barcode_000010.jpg 540 960 1
84.000000 372.000000 472.000000 686.000000 -1 -1 -1 -1 -1 -1 -1 -1 -1 -1 -1 -1
# ./images/barcode_000011.jpg 612 816 1
175.000000 271.000000 426.000000 592.000000 -1 -1 -1 -1 -1 -1 -1 -1 -1 -1 -1 -1
# ./images/barcode_000012.jpg 612 816 1
127.000000 279.000000 461.000000 516.000000 -1 -1 -1 -1 -1 -1 -1 -1 -1 -1 -1 -1
# ./images/barcode_000013.jpg 540 960 1
82.000000 331.000000 449.000000 597.000000 -1 -1 -1 -1 -1 -1 -1 -1 -1 -1 -1 -1
# ./images/barcode_000014.jpg 975 2361 1
468.000000 1632.000000 806.000000 1805.000000 -1 -1 -1 -1 -1 -1 -1 -1 -1 -1 -1 -1
# ./images/barcode_000015.jpg 624 1101 1
339.000000 776.000000 493.000000 859.000000 -1 -1 -1 -1 -1 -1 -1 -1 -1 -1 -1 -1
# ./images/barcode_000016.jpg 398 530 1
205.000000 354.000000 270.000000 501.000000 -1 -1 -1 -1 -1 -1 -1 -1 -1 -1 -1 -1
# ./images/barcode_000017.jpg 612 816 1
142.000000 319.000000 419.000000 455.000000 -1 -1 -1 -1 -1 -1 -1 -1 -1 -1 -1 -1
# ./images/barcode_000018.jpg 2048 1536 1
1162.000000 895.000000 1743.000000 1130.000000 -1 -1 -1 -1 -1 -1 -1 -1 -1 -1 -1 -1
# ./images/barcode_000019.jpg 540 960 1
44.000000 497.000000 403.000000 630.000000 -1 -1 -1 -1 -1 -1 -1 -1 -1 -1 -1 -1
# ./images/barcode_000020.jpg 1536 2048 1
702.000000 1625.000000 1047.000000 1808.000000 -1 -1 -1 -1 -1 -1 -1 -1 -1 -1 -1 -1
# ./images/barcode_000021.jpg 612 816 1
165.000000 253.000000 372.000000 547.000000 -1 -1 -1 -1 -1 -1 -1 -1 -1 -1 -1 -1
# ./images/barcode_000022.jpg 2172 1968 1
1419.000000 1245.000000 1868.000000 1553.000000 -1 -1 -1 -1 -1 -1 -1 -1 -1 -1 -1 -1
# ./images/barcode_000023.jpg 2048 1536 1
1124.000000 631.000000 1730.000000 1050.000000 -1 -1 -1 -1 -1 -1 -1 -1 -1 -1 -1 -1
# ./images/barcode_000024.jpg 400 267 1
271.000000 121.000000 354.000000 183.000000 -1 -1 -1 -1 -1 -1 -1 -1 -1 -1 -1 -1
# ./images/barcode_000025.jpg 562 960 1
198.000000 675.000000 419.000000 773.000000 -1 -1 -1 -1 -1 -1 -1 -1 -1 -1 -1 -1
# ./images/barcode_000026.jpg 1000 563 1
594.000000 317.000000 817.000000 438.000000 -1 -1 -1 -1 -1 -1 -1 -1 -1 -1 -1 -1
# ./images/barcode_000027.jpg 1784 2324 1
1458.000000 482.000000 1724.000000 837.000000 -1 -1 -1 -1 -1 -1 -1 -1 -1 -1 -1 -1
# ./images/barcode_000028.jpg 424 566 1
98.000000 426.000000 162.000000 552.000000 -1 -1 -1 -1 -1 -1 -1 -1 -1 -1 -1 -1
# ./images/barcode_000029.jpg 1536 2048 1
855.000000 1537.000000 1049.000000 1810.000000 -1 -1 -1 -1 -1 -1 -1 -1 -1 -1 -1 -1
# ./images/barcode_000030.jpg 1536 2048 1
645.000000 1421.000000 888.000000 1617.000000 -1 -1 -1 -1 -1 -1 -1 -1 -1 -1 -1 -1
# ./images/barcode_000031.jpg 612 816 1
209.000000 266.000000 405.000000 571.000000 -1 -1 -1 -1 -1 -1 -1 -1 -1 -1 -1 -1
# ./images/barcode_000032.jpg 540 960 1
111.000000 363.000000 385.000000 559.000000 -1 -1 -1 -1 -1 -1 -1 -1 -1 -1 -1 -1
# ./images/barcode_000033.jpg 2592 1944 1
114.000000 917.000000 730.000000 1229.000000 -1 -1 -1 -1 -1 -1 -1 -1 -1 -1 -1 -1
# ./images/barcode_000034.jpg 2000 2666 1
709.000000 579.000000 1485.000000 1847.000000 -1 -1 -1 -1 -1 -1 -1 -1 -1 -1 -1 -1
# ./images/barcode_000035.jpg 578 1000 1
332.000000 544.000000 516.000000 637.000000 -1 -1 -1 -1 -1 -1 -1 -1 -1 -1 -1 -1
# ./images/barcode_000036.jpg 578 1000 1
346.000000 610.000000 533.000000 718.000000 -1 -1 -1 -1 -1 -1 -1 -1 -1 -1 -1 -1
# ./images/barcode_000037.jpg 1944 2592 1
644.000000 1374.000000 1041.000000 1944.000000 -1 -1 -1 -1 -1 -1 -1 -1 -1 -1 -1 -1
# ./images/barcode_000038.jpg 1706 2666 1
1386.000000 1446.000000 1577.000000 1854.000000 -1 -1 -1 -1 -1 -1 -1 -1 -1 -1 -1 -1
# ./images/barcode_000039.jpg 2048 1536 1
1006.000000 845.000000 1162.000000 1116.000000 -1 -1 -1 -1 -1 -1 -1 -1 -1 -1 -1 -1
# ./images/barcode_000040.jpg 563 1000 1
404.000000 460.000000 517.000000 735.000000 -1 -1 -1 -1 -1 -1 -1 -1 -1 -1 -1 -1
# ./images/barcode_000041.jpg 1944 2592 1
736.000000 2133.000000 1321.000000 2433.000000 -1 -1 -1 -1 -1 -1 -1 -1 -1 -1 -1 -1
# ./images/barcode_000042.jpg 578 1000 1
316.000000 701.000000 395.000000 828.000000 -1 -1 -1 -1 -1 -1 -1 -1 -1 -1 -1 -1
# ./images/barcode_000043.jpg 612 816 1
147.000000 290.000000 497.000000 515.000000 -1 -1 -1 -1 -1 -1 -1 -1 -1 -1 -1 -1
# ./images/barcode_000044.jpg 612 816 1
227.000000 304.000000 358.000000 580.000000 -1 -1 -1 -1 -1 -1 -1 -1 -1 -1 -1 -1
# ./images/barcode_000045.jpg 1536 2048 1
669.000000 1621.000000 1063.000000 1886.000000 -1 -1 -1 -1 -1 -1 -1 -1 -1 -1 -1 -1
# ./images/barcode_000046.jpg 3264 2448 1
1603.000000 52.000000 2196.000000 869.000000 -1 -1 -1 -1 -1 -1 -1 -1 -1 -1 -1 -1
# ./images/barcode_000047.jpg 1554 2298 1
385.000000 1124.000000 628.000000 1424.000000 -1 -1 -1 -1 -1 -1 -1 -1 -1 -1 -1 -1
# ./images/barcode_000048.jpg 859 711 1
730.000000 528.000000 827.000000 660.000000 -1 -1 -1 -1 -1 -1 -1 -1 -1 -1 -1 -1
# ./images/barcode_000049.jpg 1059 1766 1
271.000000 1501.000000 567.000000 1640.000000 -1 -1 -1 -1 -1 -1 -1 -1 -1 -1 -1 -1
# ./images/barcode_000050.jpg 2448 3264 1
436.000000 1798.000000 1868.000000 2505.000000 -1 -1 -1 -1 -1 -1 -1 -1 -1 -1 -1 -1
# ./images/barcode_000051.jpg 426 568 1
190.000000 370.000000 252.000000 492.000000 -1 -1 -1 -1 -1 -1 -1 -1 -1 -1 -1 -1
# ./images/barcode_000052.jpg 1536 2048 1
302.000000 1633.000000 563.000000 1780.000000 -1 -1 -1 -1 -1 -1 -1 -1 -1 -1 -1 -1
# ./images/barcode_000053.jpg 540 960 1
148.000000 344.000000 334.000000 657.000000 -1 -1 -1 -1 -1 -1 -1 -1 -1 -1 -1 -1
# ./images/barcode_000054.jpg 1944 2592 1
754.000000 1646.000000 1534.000000 2226.000000 -1 -1 -1 -1 -1 -1 -1 -1 -1 -1 -1 -1
# ./images/barcode_000055.jpg 2592 1944 1
1816.000000 742.000000 2097.000000 1148.000000 -1 -1 -1 -1 -1 -1 -1 -1 -1 -1 -1 -1
# ./images/barcode_000056.jpg 270 480 1
80.000000 196.000000 206.000000 294.000000 -1 -1 -1 -1 -1 -1 -1 -1 -1 -1 -1 -1
# ./images/barcode_000057.jpg 2048 1536 1
1437.000000 1007.000000 1675.000000 1331.000000 -1 -1 -1 -1 -1 -1 -1 -1 -1 -1 -1 -1
# ./images/barcode_000058.jpg 540 960 1
83.000000 359.000000 420.000000 581.000000 -1 -1 -1 -1 -1 -1 -1 -1 -1 -1 -1 -1
# ./images/barcode_000059.jpg 426 568 1
234.000000 332.000000 284.000000 461.000000 -1 -1 -1 -1 -1 -1 -1 -1 -1 -1 -1 -1
# ./images/barcode_000060.jpg 1887 1815 1
1494.000000 1253.000000 1776.000000 1679.000000 -1 -1 -1 -1 -1 -1 -1 -1 -1 -1 -1 -1
# ./images/barcode_000061.jpg 612 816 1
56.000000 301.000000 438.000000 572.000000 -1 -1 -1 -1 -1 -1 -1 -1 -1 -1 -1 -1
# ./images/barcode_000062.jpg 578 1000 1
306.000000 839.000000 459.000000 889.000000 -1 -1 -1 -1 -1 -1 -1 -1 -1 -1 -1 -1
# ./images/barcode_000063.jpg 3024 4032 1
543.000000 1643.000000 2463.000000 2839.000000 -1 -1 -1 -1 -1 -1 -1 -1 -1 -1 -1 -1
# ./images/barcode_000064.jpg 3264 2448 1
1454.000000 1681.000000 2364.000000 2027.000000 -1 -1 -1 -1 -1 -1 -1 -1 -1 -1 -1 -1
# ./images/barcode_000065.jpg 359 400 1
109.000000 230.000000 247.000000 283.000000 -1 -1 -1 -1 -1 -1 -1 -1 -1 -1 -1 -1
# ./images/barcode_000066.jpg 1536 2048 1
333.000000 435.000000 1037.000000 796.000000 -1 -1 -1 -1 -1 -1 -1 -1 -1 -1 -1 -1
# ./images/barcode_000067.jpg 2448 3264 1
384.000000 966.000000 1536.000000 1727.000000 -1 -1 -1 -1 -1 -1 -1 -1 -1 -1 -1 -1
# ./images/barcode_000068.jpg 2448 3264 1
539.000000 1269.000000 1588.000000 2350.000000 -1 -1 -1 -1 -1 -1 -1 -1 -1 -1 -1 -1
# ./images/barcode_000069.jpg 1536 2048 1
582.000000 1408.000000 969.000000 1541.000000 -1 -1 -1 -1 -1 -1 -1 -1 -1 -1 -1 -1
# ./images/barcode_000070.jpg 540 960 1
213.000000 344.000000 341.000000 663.000000 -1 -1 -1 -1 -1 -1 -1 -1 -1 -1 -1 -1
# ./images/barcode_000071.jpg 1536 2048 1
457.000000 1568.000000 1043.000000 1804.000000 -1 -1 -1 -1 -1 -1 -1 -1 -1 -1 -1 -1
# ./images/barcode_000072.jpg 612 816 1
145.000000 352.000000 414.000000 521.000000 -1 -1 -1 -1 -1 -1 -1 -1 -1 -1 -1 -1
# ./images/barcode_000073.jpg 540 960 1
100.000000 334.000000 414.000000 564.000000 -1 -1 -1 -1 -1 -1 -1 -1 -1 -1 -1 -1
# ./images/barcode_000074.jpg 1536 2048 1
892.000000 923.000000 1218.000000 1151.000000 -1 -1 -1 -1 -1 -1 -1 -1 -1 -1 -1 -1
# ./images/barcode_000075.jpg 1764 2058 1
485.000000 656.000000 709.000000 1032.000000 -1 -1 -1 -1 -1 -1 -1 -1 -1 -1 -1 -1
# ./images/barcode_000076.jpg 270 480 1
61.000000 197.000000 202.000000 291.000000 -1 -1 -1 -1 -1 -1 -1 -1 -1 -1 -1 -1
# ./images/barcode_000077.jpg 1944 2592 1
1290.000000 449.000000 1608.000000 621.000000 -1 -1 -1 -1 -1 -1 -1 -1 -1 -1 -1 -1
# ./images/barcode_000078.jpg 2000 1125 1
1222.000000 355.000000 1999.000000 855.000000 -1 -1 -1 -1 -1 -1 -1 -1 -1 -1 -1 -1
# ./images/barcode_000079.jpg 270 480 1
82.000000 162.000000 190.000000 343.000000 -1 -1 -1 -1 -1 -1 -1 -1 -1 -1 -1 -1
# ./images/barcode_000080.jpg 2316 1809 1
1750.000000 218.000000 2050.000000 414.000000 -1 -1 -1 -1 -1 -1 -1 -1 -1 -1 -1 -1
# ./images/barcode_000081.jpg 1536 2048 1
371.000000 1564.000000 741.000000 1794.000000 -1 -1 -1 -1 -1 -1 -1 -1 -1 -1 -1 -1
# ./images/barcode_000082.jpg 1100 2284 1
575.000000 983.000000 923.000000 1483.000000 -1 -1 -1 -1 -1 -1 -1 -1 -1 -1 -1 -1
# ./images/barcode_000083.jpg 1272 2109 1
657.000000 1385.000000 1061.000000 1949.000000 -1 -1 -1 -1 -1 -1 -1 -1 -1 -1 -1 -1
# ./images/barcode_000084.jpg 1536 2048 1
673.000000 1617.000000 792.000000 1874.000000 -1 -1 -1 -1 -1 -1 -1 -1 -1 -1 -1 -1
# ./images/barcode_000085.jpg 424 566 1
198.000000 433.000000 283.000000 487.000000 -1 -1 -1 -1 -1 -1 -1 -1 -1 -1 -1 -1
# ./images/barcode_000086.jpg 1536 2048 1
720.000000 1274.000000 822.000000 1584.000000 -1 -1 -1 -1 -1 -1 -1 -1 -1 -1 -1 -1
# ./images/barcode_000087.jpg 3024 4032 1
669.000000 631.000000 1185.000000 823.000000 -1 -1 -1 -1 -1 -1 -1 -1 -1 -1 -1 -1
# ./images/barcode_000088.jpg 1536 2048 1
504.000000 1561.000000 839.000000 1698.000000 -1 -1 -1 -1 -1 -1 -1 -1 -1 -1 -1 -1
# ./images/barcode_000089.jpg 3099 567 1
2542.000000 305.000000 2915.000000 454.000000 -1 -1 -1 -1 -1 -1 -1 -1 -1 -1 -1 -1
# ./images/barcode_000090.jpg 1536 2048 1
539.000000 1317.000000 1094.000000 1684.000000 -1 -1 -1 -1 -1 -1 -1 -1 -1 -1 -1 -1
# ./images/barcode_000091.jpg 1740 2400 1
731.000000 1610.000000 943.000000 2081.000000 -1 -1 -1 -1 -1 -1 -1 -1 -1 -1 -1 -1
# ./images/barcode_000092.jpg 1876 2088 1
167.000000 501.000000 994.000000 786.000000 -1 -1 -1 -1 -1 -1 -1 -1 -1 -1 -1 -1
# ./images/barcode_000093.jpg 1536 2048 1
649.000000 1280.000000 843.000000 1776.000000 -1 -1 -1 -1 -1 -1 -1 -1 -1 -1 -1 -1
# ./images/barcode_000094.jpg 2048 1536 1
877.000000 693.000000 1387.000000 893.000000 -1 -1 -1 -1 -1 -1 -1 -1 -1 -1 -1 -1
# ./images/barcode_000095.jpg 3024 4032 1
499.000000 1655.000000 1883.000000 2267.000000 -1 -1 -1 -1 -1 -1 -1 -1 -1 -1 -1 -1
# ./images/barcode_000096.jpg 1536 2048 1
845.000000 1349.000000 1000.000000 1684.000000 -1 -1 -1 -1 -1 -1 -1 -1 -1 -1 -1 -1
# ./images/barcode_000097.jpg 612 816 1
202.000000 321.000000 392.000000 615.000000 -1 -1 -1 -1 -1 -1 -1 -1 -1 -1 -1 -1
# ./images/barcode_000098.jpg 612 816 1
217.000000 346.000000 385.000000 586.000000 -1 -1 -1 -1 -1 -1 -1 -1 -1 -1 -1 -1
# ./images/barcode_000099.jpg 1944 2592 1
708.000000 1472.000000 1080.000000 2003.000000 -1 -1 -1 -1 -1 -1 -1 -1 -1 -1 -1 -1
# ./images/barcode_000100.jpg 1944 2592 1
649.000000 1759.000000 1285.000000 2103.000000 -1 -1 -1 -1 -1 -1 -1 -1 -1 -1 -1 -1
# ./images/barcode_000101.jpg 1944 2592 1
677.000000 1754.000000 1236.000000 2046.000000 -1 -1 -1 -1 -1 -1 -1 -1 -1 -1 -1 -1
# ./images/barcode_000102.jpg 2048 1536 1
909.000000 772.000000 1265.000000 1253.000000 -1 -1 -1 -1 -1 -1 -1 -1 -1 -1 -1 -1
# ./images/barcode_000103.jpg 2049 1947 1
641.000000 357.000000 1366.000000 595.000000 -1 -1 -1 -1 -1 -1 -1 -1 -1 -1 -1 -1
# ./images/barcode_000104.jpg 3024 4032 1
775.000000 811.000000 2175.000000 1371.000000 -1 -1 -1 -1 -1 -1 -1 -1 -1 -1 -1 -1
# ./images/barcode_000105.jpg 3024 4032 1
1063.000000 2451.000000 2187.000000 2879.000000 -1 -1 -1 -1 -1 -1 -1 -1 -1 -1 -1 -1
# ./images/barcode_000106.jpg 3024 4032 1
759.000000 1887.000000 2351.000000 2467.000000 -1 -1 -1 -1 -1 -1 -1 -1 -1 -1 -1 -1
# ./images/barcode_000107.jpg 225 400 1
74.000000 0.000000 175.000000 35.000000 -1 -1 -1 -1 -1 -1 -1 -1 -1 -1 -1 -1
# ./images/barcode_000108.jpg 960 596 1
679.000000 344.000000 838.000000 453.000000 -1 -1 -1 -1 -1 -1 -1 -1 -1 -1 -1 -1
# ./images/barcode_000109.jpg 511 1000 1
121.000000 764.000000 327.000000 897.000000 -1 -1 -1 -1 -1 -1 -1 -1 -1 -1 -1 -1
# ./images/barcode_000110.jpg 540 960 1
187.000000 349.000000 318.000000 594.000000 -1 -1 -1 -1 -1 -1 -1 -1 -1 -1 -1 -1
# ./images/barcode_000111.jpg 584 1000 1
103.000000 559.000000 490.000000 799.000000 -1 -1 -1 -1 -1 -1 -1 -1 -1 -1 -1 -1
# ./images/barcode_000112.jpg 3024 4032 1
1259.000000 2163.000000 2571.000000 3043.000000 -1 -1 -1 -1 -1 -1 -1 -1 -1 -1 -1 -1
# ./images/barcode_000113.jpg 584 1000 1
443.000000 666.000000 573.000000 864.000000 -1 -1 -1 -1 -1 -1 -1 -1 -1 -1 -1 -1
