# ./images/IMG_2508.jpg 4032 3024 1
1061.000000 2122.000000 1573.000000 2691.000000 -1 -1 -1 -1 -1 -1 -1 -1 -1 -1 -1 -1
# ./images/IMG_2509.jpg 4032 3024 1
1324.000000 2494.000000 1907.000000 3142.000000 -1 -1 -1 -1 -1 -1 -1 -1 -1 -1 -1 -1
# ./images/IMG_2510.jpg 4032 3024 1
1101.000000 2962.000000 1590.000000 3445.000000 -1 -1 -1 -1 -1 -1 -1 -1 -1 -1 -1 -1
# ./images/IMG_2511.jpg 5712 4284 1
812.000000 3122.000000 1364.000000 3374.000000 -1 -1 -1 -1 -1 -1 -1 -1 -1 -1 -1 -1
3020.000000 3226.000000 3620.000000 3526.000000 -1 -1 -1 -1 -1 -1 -1 -1 -1 -1 -1 -1
# ./images/IMG_2517.jpg 4032 3024 1
1436.000000 1785.000000 1770.000000 2494.000000 -1 -1 -1 -1 -1 -1 -1 -1 -1 -1 -1 -1
# ./images/IMG_2518.jpg 4032 3024 1
807.000000 908.000000 1118.000000 1457.000000 -1 -1 -1 -1 -1 -1 -1 -1 -1 -1 -1 -1
# ./images/IMG_2519.jpg 4032 3024 1
1376.000000 2742.000000 1930.000000 3062.000000 -1 -1 -1 -1 -1 -1 -1 -1 -1 -1 -1 -1
# ./images/IMG_2521.jpg 4032 3024 1
607.000000 1531.000000 1178.000000 1882.000000 -1 -1 -1 -1 -1 -1 -1 -1 -1 -1 -1 -1
# ./images/IMG_2522.jpg 4032 3024 1
944.000000 2234.000000 1687.000000 2777.000000 -1 -1 -1 -1 -1 -1 -1 -1 -1 -1 -1 -1
# ./images/IMG_2524.jpg 4032 3024 1
1067.000000 1977.000000 1593.000000 2362.000000 -1 -1 -1 -1 -1 -1 -1 -1 -1 -1 -1 -1
# ./images/IMG_2526.jpg 4032 3024 1
1230.000000 1862.000000 1873.000000 2277.000000 -1 -1 -1 -1 -1 -1 -1 -1 -1 -1 -1 -1
# ./images/IMG_2527.jpg 5712 4284 1
2400.000000 2370.000000 2948.000000 3062.000000 -1 -1 -1 -1 -1 -1 -1 -1 -1 -1 -1 -1
# ./images/IMG_2528.jpg 4032 3024 1
998.000000 925.000000 1756.000000 1405.000000 -1 -1 -1 -1 -1 -1 -1 -1 -1 -1 -1 -1
# ./images/IMG_2530.jpg 5712 4284 1
1445.000000 874.000000 1827.000000 1031.000000 -1 -1 -1 -1 -1 -1 -1 -1 -1 -1 -1 -1
1415.000000 776.000000 1682.000000 860.000000 -1 -1 -1 -1 -1 -1 -1 -1 -1 -1 -1 -1
1379.000000 1949.000000 1622.000000 2114.000000 -1 -1 -1 -1 -1 -1 -1 -1 -1 -1 -1 -1
1099.000000 2538.000000 1403.000000 2615.000000 -1 -1 -1 -1 -1 -1 -1 -1 -1 -1 -1 -1
1138.000000 2683.000000 1558.000000 2842.000000 -1 -1 -1 -1 -1 -1 -1 -1 -1 -1 -1 -1
2090.000000 2524.000000 2530.000000 2685.000000 -1 -1 -1 -1 -1 -1 -1 -1 -1 -1 -1 -1
2270.000000 2752.000000 2596.000000 2838.000000 -1 -1 -1 -1 -1 -1 -1 -1 -1 -1 -1 -1
# ./images/IMG_2531.jpg 5712 4284 1
1889.000000 1665.000000 2185.000000 1783.000000 -1 -1 -1 -1 -1 -1 -1 -1 -1 -1 -1 -1
1907.000000 1807.000000 2332.000000 2001.000000 -1 -1 -1 -1 -1 -1 -1 -1 -1 -1 -1 -1
1772.000000 2605.000000 2081.000000 2696.000000 -1 -1 -1 -1 -1 -1 -1 -1 -1 -1 -1 -1
1801.000000 2771.000000 2236.000000 2951.000000 -1 -1 -1 -1 -1 -1 -1 -1 -1 -1 -1 -1
2863.000000 4756.000000 3025.000000 4988.000000 -1 -1 -1 -1 -1 -1 -1 -1 -1 -1 -1 -1
3561.000000 4881.000000 3696.000000 5106.000000 -1 -1 -1 -1 -1 -1 -1 -1 -1 -1 -1 -1
# ./images/IMG_2532.jpg 4032 3024 1
196.000000 2154.000000 1364.000000 3162.000000 -1 -1 -1 -1 -1 -1 -1 -1 -1 -1 -1 -1
# ./images/IMG_2533.jpg 4032 3024 1
1144.000000 2459.000000 2330.000000 3279.000000 -1 -1 -1 -1 -1 -1 -1 -1 -1 -1 -1 -1
# ./images/IMG_2536.jpg 4032 3024 1
521.000000 1554.000000 1904.000000 2782.000000 -1 -1 -1 -1 -1 -1 -1 -1 -1 -1 -1 -1
# ./images/IMG_2538.jpg 4032 3024 1
604.000000 2062.000000 1404.000000 2959.000000 -1 -1 -1 -1 -1 -1 -1 -1 -1 -1 -1 -1
# ./images/IMG_2539.jpg 4032 3024 1
1231.000000 1719.000000 1616.000000 1901.000000 -1 -1 -1 -1 -1 -1 -1 -1 -1 -1 -1 -1
# ./images/IMG_2540.jpg 4032 3024 1
1418.000000 2774.000000 1844.000000 3154.000000 -1 -1 -1 -1 -1 -1 -1 -1 -1 -1 -1 -1
# ./images/IMG_2541.jpg 4032 3024 1
741.000000 1197.000000 1141.000000 1391.000000 -1 -1 -1 -1 -1 -1 -1 -1 -1 -1 -1 -1
# ./images/IMG_2542.jpg 5712 4284 1
1228.000000 1814.000000 1804.000000 2106.000000 -1 -1 -1 -1 -1 -1 -1 -1 -1 -1 -1 -1
# ./images/IMG_2543.jpg 4032 3024 1
953.000000 2551.000000 1681.000000 2691.000000 -1 -1 -1 -1 -1 -1 -1 -1 -1 -1 -1 -1
# ./images/IMG_2544.jpg 4032 3024 1
1081.000000 1982.000000 1701.000000 2222.000000 -1 -1 -1 -1 -1 -1 -1 -1 -1 -1 -1 -1
# ./images/IMG_2545.jpg 5712 4284 1
1556.000000 2998.000000 2080.000000 3274.000000 -1 -1 -1 -1 -1 -1 -1 -1 -1 -1 -1 -1
# ./images/IMG_2546.jpg 4032 3024 1
1413.000000 2391.000000 1864.000000 3017.000000 -1 -1 -1 -1 -1 -1 -1 -1 -1 -1 -1 -1
# ./images/IMG_2547.jpg 4032 3024 1
1101.000000 1194.000000 1904.000000 1919.000000 -1 -1 -1 -1 -1 -1 -1 -1 -1 -1 -1 -1
# ./images/IMG_2548.jpg 4032 3024 1
1487.000000 1614.000000 2021.000000 1954.000000 -1 -1 -1 -1 -1 -1 -1 -1 -1 -1 -1 -1
# ./images/IMG_2549.jpg 4032 3024 1
630.000000 1399.000000 1136.000000 1517.000000 -1 -1 -1 -1 -1 -1 -1 -1 -1 -1 -1 -1
# ./images/IMG_2550.jpg 4032 3024 1
1701.000000 2422.000000 2521.000000 3119.000000 -1 -1 -1 -1 -1 -1 -1 -1 -1 -1 -1 -1
# ./images/IMG_2551.jpg 4032 3024 1
727.000000 945.000000 1836.000000 1717.000000 -1 -1 -1 -1 -1 -1 -1 -1 -1 -1 -1 -1
# ./images/IMG_2553.jpg 3024 4032 1
1232.000000 2513.000000 1717.000000 3010.000000 -1 -1 -1 -1 -1 -1 -1 -1 -1 -1 -1 -1
# ./images/IMG_2554.jpg 4032 3024 1
1121.000000 725.000000 1604.000000 1282.000000 -1 -1 -1 -1 -1 -1 -1 -1 -1 -1 -1 -1
# ./images/IMG_2555.jpg 4032 3024 1
967.000000 682.000000 1687.000000 1188.000000 -1 -1 -1 -1 -1 -1 -1 -1 -1 -1 -1 -1
# ./images/IMG_2556.jpg 5712 4284 1
1884.000000 1606.000000 2124.000000 2018.000000 -1 -1 -1 -1 -1 -1 -1 -1 -1 -1 -1 -1
2516.000000 3482.000000 2736.000000 3982.000000 -1 -1 -1 -1 -1 -1 -1 -1 -1 -1 -1 -1
# ./images/IMG_2558.jpg 4032 3024 1
2404.000000 2837.000000 2941.000000 3771.000000 -1 -1 -1 -1 -1 -1 -1 -1 -1 -1 -1 -1
# ./images/IMG_2559.jpg 4032 3024 1
1498.000000 1645.000000 1858.000000 2054.000000 -1 -1 -1 -1 -1 -1 -1 -1 -1 -1 -1 -1
# ./images/IMG_2560.jpg 4032 3024 1
704.000000 1494.000000 1350.000000 2245.000000 -1 -1 -1 -1 -1 -1 -1 -1 -1 -1 -1 -1
# ./images/IMG_2561.jpg 5712 4284 1
1900.000000 1930.000000 2216.000000 2594.000000 -1 -1 -1 -1 -1 -1 -1 -1 -1 -1 -1 -1
1452.000000 2146.000000 2028.000000 3110.000000 -1 -1 -1 -1 -1 -1 -1 -1 -1 -1 -1 -1
2975.000000 4644.000000 3316.000000 4999.000000 -1 -1 -1 -1 -1 -1 -1 -1 -1 -1 -1 -1
3002.000000 5161.000000 3304.000000 5474.000000 -1 -1 -1 -1 -1 -1 -1 -1 -1 -1 -1 -1
# ./images/IMG_2562.jpg 4032 3024 1
818.000000 1091.000000 1307.000000 1437.000000 -1 -1 -1 -1 -1 -1 -1 -1 -1 -1 -1 -1
# ./images/IMG_2563.jpg 4032 3024 1
1227.000000 1171.000000 1576.000000 1522.000000 -1 -1 -1 -1 -1 -1 -1 -1 -1 -1 -1 -1
# ./images/IMG_2564.jpg 4032 3024 1
1381.000000 882.000000 2678.000000 1999.000000 -1 -1 -1 -1 -1 -1 -1 -1 -1 -1 -1 -1
# ./images/IMG_2565.jpg 4032 3024 1
807.000000 1951.000000 1233.000000 2494.000000 -1 -1 -1 -1 -1 -1 -1 -1 -1 -1 -1 -1
# ./images/IMG_2567.jpg 4032 3024 1
1250.000000 2459.000000 1610.000000 2997.000000 -1 -1 -1 -1 -1 -1 -1 -1 -1 -1 -1 -1
# ./images/IMG_2568.jpg 4032 3024 1
1101.000000 2765.000000 1461.000000 3265.000000 -1 -1 -1 -1 -1 -1 -1 -1 -1 -1 -1 -1
# ./images/IMG_2570.jpg 4032 3024 1
1638.000000 1242.000000 2378.000000 1771.000000 -1 -1 -1 -1 -1 -1 -1 -1 -1 -1 -1 -1
# ./images/IMG_2571.jpg 4032 3024 1
1290.000000 2059.000000 1621.000000 2662.000000 -1 -1 -1 -1 -1 -1 -1 -1 -1 -1 -1 -1
# ./images/IMG_2573.jpg 4032 3024 1
1081.000000 2234.000000 1347.000000 2714.000000 -1 -1 -1 -1 -1 -1 -1 -1 -1 -1 -1 -1
# ./images/IMG_2574.jpg 5712 4284 1
808.000000 2038.000000 1256.000000 2578.000000 -1 -1 -1 -1 -1 -1 -1 -1 -1 -1 -1 -1
3220.000000 1950.000000 3556.000000 2354.000000 -1 -1 -1 -1 -1 -1 -1 -1 -1 -1 -1 -1
# ./images/IMG_2575.jpg 5712 4284 1
424.000000 2410.000000 1192.000000 3074.000000 -1 -1 -1 -1 -1 -1 -1 -1 -1 -1 -1 -1
1456.000000 3210.000000 2088.000000 3922.000000 -1 -1 -1 -1 -1 -1 -1 -1 -1 -1 -1 -1
# ./images/IMG_2576.jpg 4032 3024 1
990.000000 1968.000000 1444.000000 2362.000000 -1 -1 -1 -1 -1 -1 -1 -1 -1 -1 -1 -1
# ./images/IMG_2577.jpg 4032 3024 1
213.000000 1094.000000 1607.000000 2445.000000 -1 -1 -1 -1 -1 -1 -1 -1 -1 -1 -1 -1
# ./images/IMG_2578.jpg 4032 3024 1
1001.000000 1322.000000 1493.000000 1851.000000 -1 -1 -1 -1 -1 -1 -1 -1 -1 -1 -1 -1
# ./images/IMG_2579.jpg 4032 3024 1
824.000000 1639.000000 1381.000000 2028.000000 -1 -1 -1 -1 -1 -1 -1 -1 -1 -1 -1 -1
# ./images/IMG_2580.jpg 4032 3024 1
1050.000000 1745.000000 1647.000000 2059.000000 -1 -1 -1 -1 -1 -1 -1 -1 -1 -1 -1 -1
# ./images/IMG_2581.jpg 4284 5712 1
1118.000000 1661.000000 1593.000000 1879.000000 -1 -1 -1 -1 -1 -1 -1 -1 -1 -1 -1 -1
2178.000000 1676.000000 2603.000000 1918.000000 -1 -1 -1 -1 -1 -1 -1 -1 -1 -1 -1 -1
3060.000000 1640.000000 3500.000000 1855.000000 -1 -1 -1 -1 -1 -1 -1 -1 -1 -1 -1 -1
3624.000000 1628.000000 3884.000000 1852.000000 -1 -1 -1 -1 -1 -1 -1 -1 -1 -1 -1 -1
642.000000 1794.000000 893.000000 2100.000000 -1 -1 -1 -1 -1 -1 -1 -1 -1 -1 -1 -1
# ./images/IMG_2582.jpg 4032 3024 1
873.000000 1419.000000 1504.000000 1871.000000 -1 -1 -1 -1 -1 -1 -1 -1 -1 -1 -1 -1
# ./images/IMG_2583.jpg 5712 4284 1
1848.000000 2598.000000 2412.000000 3002.000000 -1 -1 -1 -1 -1 -1 -1 -1 -1 -1 -1 -1
# ./images/IMG_2584.jpg 4032 3024 1
524.000000 2428.000000 1041.000000 2959.000000 -1 -1 -1 -1 -1 -1 -1 -1 -1 -1 -1 -1
2204.000000 2479.000000 2584.000000 2997.000000 -1 -1 -1 -1 -1 -1 -1 -1 -1 -1 -1 -1
# ./images/IMG_2585.jpg 4032 3024 1
387.000000 2082.000000 976.000000 2794.000000 -1 -1 -1 -1 -1 -1 -1 -1 -1 -1 -1 -1
# ./images/IMG_2586.jpg 5712 4284 1
2452.000000 1646.000000 2712.000000 2314.000000 -1 -1 -1 -1 -1 -1 -1 -1 -1 -1 -1 -1
900.000000 1598.000000 1296.000000 2238.000000 -1 -1 -1 -1 -1 -1 -1 -1 -1 -1 -1 -1
# ./images/IMG_2587.jpg 4032 3024 1
1098.000000 2011.000000 1756.000000 2685.000000 -1 -1 -1 -1 -1 -1 -1 -1 -1 -1 -1 -1
2578.000000 1394.000000 3024.000000 2239.000000 -1 -1 -1 -1 -1 -1 -1 -1 -1 -1 -1 -1
# ./images/IMG_2588.jpg 4032 3024 1
970.000000 1837.000000 1373.000000 2659.000000 -1 -1 -1 -1 -1 -1 -1 -1 -1 -1 -1 -1
# ./images/IMG_2589.jpg 4032 3024 1
1027.000000 1562.000000 1630.000000 2099.000000 -1 -1 -1 -1 -1 -1 -1 -1 -1 -1 -1 -1
# ./images/IMG_2591.jpg 4032 3024 1
1413.000000 1734.000000 1867.000000 2254.000000 -1 -1 -1 -1 -1 -1 -1 -1 -1 -1 -1 -1
2250.000000 611.000000 2421.000000 1217.000000 -1 -1 -1 -1 -1 -1 -1 -1 -1 -1 -1 -1
# ./images/IMG_2592.jpg 4032 3024 1
670.000000 819.000000 1338.000000 1848.000000 -1 -1 -1 -1 -1 -1 -1 -1 -1 -1 -1 -1
1.000000 62.000000 450.000000 977.000000 -1 -1 -1 -1 -1 -1 -1 -1 -1 -1 -1 -1
# ./images/IMG_2593.jpg 4032 3024 1
1173.000000 1945.000000 2133.000000 2665.000000 -1 -1 -1 -1 -1 -1 -1 -1 -1 -1 -1 -1
# ./images/IMG_2594.jpg 4032 3024 1
1087.000000 1817.000000 1544.000000 2108.000000 -1 -1 -1 -1 -1 -1 -1 -1 -1 -1 -1 -1
# ./images/IMG_2595.jpg 4032 3024 1
1581.000000 1588.000000 2158.000000 1974.000000 -1 -1 -1 -1 -1 -1 -1 -1 -1 -1 -1 -1
# ./images/IMG_2596.jpg 4032 3024 1
1096.000000 1962.000000 1527.000000 2374.000000 -1 -1 -1 -1 -1 -1 -1 -1 -1 -1 -1 -1
# ./images/IMG_2597.jpg 4032 3024 1
1030.000000 1677.000000 1667.000000 2022.000000 -1 -1 -1 -1 -1 -1 -1 -1 -1 -1 -1 -1
# ./images/IMG_2598.jpg 4032 3024 1
1076.000000 1311.000000 1676.000000 2002.000000 -1 -1 -1 -1 -1 -1 -1 -1 -1 -1 -1 -1
# ./images/IMG_2599.jpg 4032 3024 1
1218.000000 2165.000000 1530.000000 2682.000000 -1 -1 -1 -1 -1 -1 -1 -1 -1 -1 -1 -1
# ./images/IMG_2600.jpg 4032 3024 1
167.000000 1931.000000 996.000000 3377.000000 -1 -1 -1 -1 -1 -1 -1 -1 -1 -1 -1 -1
# ./images/IMG_2601.jpg 5712 4284 1
1584.000000 598.000000 2912.000000 2402.000000 -1 -1 -1 -1 -1 -1 -1 -1 -1 -1 -1 -1
# ./images/IMG_2602.jpg 5712 4284 1
916.000000 2042.000000 3188.000000 4126.000000 -1 -1 -1 -1 -1 -1 -1 -1 -1 -1 -1 -1
# ./images/IMG_2603.jpg 4032 3024 1
630.000000 542.000000 2644.000000 2757.000000 -1 -1 -1 -1 -1 -1 -1 -1 -1 -1 -1 -1
# ./images/IMG_2604.jpg 4032 3024 1
684.000000 1151.000000 1770.000000 3042.000000 -1 -1 -1 -1 -1 -1 -1 -1 -1 -1 -1 -1
# ./images/IMG_2605.jpg 4032 3024 1
453.000000 1179.000000 1510.000000 2548.000000 -1 -1 -1 -1 -1 -1 -1 -1 -1 -1 -1 -1
# ./images/IMG_2606.jpg 4032 3024 1
781.000000 2185.000000 1830.000000 3222.000000 -1 -1 -1 -1 -1 -1 -1 -1 -1 -1 -1 -1
# ./images/IMG_2609.jpg 5712 4284 1
1888.000000 2402.000000 2168.000000 2786.000000 -1 -1 -1 -1 -1 -1 -1 -1 -1 -1 -1 -1
# ./images/IMG_2610.jpg 5712 4284 1
2122.000000 1584.000000 2293.000000 1911.000000 -1 -1 -1 -1 -1 -1 -1 -1 -1 -1 -1 -1
# ./images/IMG_2611.jpg 5712 4284 1
2890.000000 1157.000000 3519.000000 1308.000000 -1 -1 -1 -1 -1 -1 -1 -1 -1 -1 -1 -1
2904.000000 1407.000000 3819.000000 1705.000000 -1 -1 -1 -1 -1 -1 -1 -1 -1 -1 -1 -1
2578.000000 2968.000000 3262.000000 3208.000000 -1 -1 -1 -1 -1 -1 -1 -1 -1 -1 -1 -1
2584.000000 3299.000000 3604.000000 3814.000000 -1 -1 -1 -1 -1 -1 -1 -1 -1 -1 -1 -1
