# barcode/test_barcode_0001.jpg 640 640 1
399.52380952380946 539.2857142857143 550.952380952381 592.1428571428572 -1 -1 -1 -1 -1 -1 -1 -1 -1 -1 -1 -1
# barcode/test_barcode_0002.jpg 640 640 1
454.76190476190476 494.04761904761904 604.7619047619048 549.2857142857143 -1 -1 -1 -1 -1 -1 -1 -1 -1 -1 -1 -1
# barcode/test_barcode_0003.jpg 640 640 1
417.61904761904754 516.9047619047619 564.2857142857142 565.4761904761905 -1 -1 -1 -1 -1 -1 -1 -1 -1 -1 -1 -1
# barcode/test_barcode_0004.jpg 640 640 1
313.8095238095238 363.0952380952381 402.85714285714283 422.1428571428571 -1 -1 -1 -1 -1 -1 -1 -1 -1 -1 -1 -1
# barcode/test_barcode_0005.jpg 640 640 1
497.14285714285705 132.61904761904762 580.0 464.5238095238095 -1 -1 -1 -1 -1 -1 -1 -1 -1 -1 -1 -1
# barcode/test_barcode_0006.jpg 640 640 1
316.66666666666663 48.8095238095238 391.90476190476187 396.4285714285714 -1 -1 -1 -1 -1 -1 -1 -1 -1 -1 -1 -1
# barcode/test_barcode_0007.jpg 640 640 1
447.61904761904754 92.6190476190476 550.4761904761904 394.04761904761904 -1 -1 -1 -1 -1 -1 -1 -1 -1 -1 -1 -1
# barcode/test_barcode_0008.jpg 640 640 1
509.99999999999994 24.047619047619047 639.0 426.7561061324899 -1 -1 -1 -1 -1 -1 -1 -1 -1 -1 -1 -1
# barcode/test_barcode_0009.jpg 640 640 1
379.047619047619 100.23809523809523 519.047619047619 540.7142857142858 -1 -1 -1 -1 -1 -1 -1 -1 -1 -1 -1 -1
# barcode/test_barcode_0010.jpg 640 640 1
255.23809523809524 117.38095238095238 429.99999999999994 441.66666666666663 -1 -1 -1 -1 -1 -1 -1 -1 -1 -1 -1 -1
# barcode/test_barcode_0011.jpg 640 640 1
269.5238095238095 132.61904761904762 471.90476190476187 414.5238095238095 -1 -1 -1 -1 -1 -1 -1 -1 -1 -1 -1 -1
# barcode/test_barcode_0012.jpg 640 640 1
146.19047619047615 114.99999999999999 519.5238095238094 585.952380952381 -1 -1 -1 -1 -1 -1 -1 -1 -1 -1 -1 -1
# barcode/test_barcode_0013.jpg 640 640 1
105.23809523809521 289.76190476190476 186.66666666666663 458.3333333333333 -1 -1 -1 -1 -1 -1 -1 -1 -1 -1 -1 -1
# barcode/test_barcode_0014.jpg 640 640 1
314.2857142857143 238.33333333333331 366.19047619047615 382.6190476190476 -1 -1 -1 -1 -1 -1 -1 -1 -1 -1 -1 -1
# barcode/test_barcode_0015.jpg 640 640 1
333.3333333333333 183.09523809523807 387.61904761904754 332.1428571428571 -1 -1 -1 -1 -1 -1 -1 -1 -1 -1 -1 -1
# barcode/test_barcode_0016.jpg 640 640 1
233.8095238095238 240.7142857142857 332.85714285714283 327.38095238095235 -1 -1 -1 -1 -1 -1 -1 -1 -1 -1 -1 -1
# barcode/test_barcode_0017.jpg 640 640 1
124.76190476190476 485.0 328.0952380952381 569.2857142857143 -1 -1 -1 -1 -1 -1 -1 -1 -1 -1 -1 -1
# barcode/test_barcode_0018.jpg 640 640 1
65.23809523809521 482.6190476190476 246.66666666666663 621.1904761904763 -1 -1 -1 -1 -1 -1 -1 -1 -1 -1 -1 -1
# barcode/test_barcode_0019.jpg 640 640 1
57.61904761904759 482.6190476190476 192.38095238095235 549.7619047619048 -1 -1 -1 -1 -1 -1 -1 -1 -1 -1 -1 -1
# barcode/test_barcode_0020.jpg 640 640 1
201.90476190476187 473.0952380952381 343.3333333333333 576.9047619047619 -1 -1 -1 -1 -1 -1 -1 -1 -1 -1 -1 -1
# barcode/test_barcode_0021.jpg 640 640 1
79.52380952380952 495.4761904761904 234.28571428571428 562.1428571428572 -1 -1 -1 -1 -1 -1 -1 -1 -1 -1 -1 -1
# barcode/test_barcode_0022.jpg 640 640 1
49.04761904761904 462.1428571428571 174.28571428571428 573.0952380952381 -1 -1 -1 -1 -1 -1 -1 -1 -1 -1 -1 -1
# barcode/test_barcode_0023.jpg 640 640 1
47.14285714285714 397.38095238095235 175.71428571428567 572.6190476190477 -1 -1 -1 -1 -1 -1 -1 -1 -1 -1 -1 -1
# barcode/test_barcode_0024.jpg 640 640 1
70.47619047619045 453.0952380952381 201.90476190476187 506.90476190476187 -1 -1 -1 -1 -1 -1 -1 -1 -1 -1 -1 -1
# barcode/test_barcode_0025.jpg 640 640 1
138.57142857142856 426.90476190476187 300.9523809523809 512.6190476190477 -1 -1 -1 -1 -1 -1 -1 -1 -1 -1 -1 -1
# barcode/test_barcode_0026.jpg 640 640 1
319.04761904761904 99.76190476190476 463.8095238095238 142.61904761904762 -1 -1 -1 -1 -1 -1 -1 -1 -1 -1 -1 -1
# barcode/test_barcode_0027.jpg 640 640 1
316.19047619047615 270.23809523809524 446.1904761904762 316.90476190476187 -1 -1 -1 -1 -1 -1 -1 -1 -1 -1 -1 -1
# barcode/test_barcode_0028.jpg 640 640 1
273.3333333333333 112.14285714285714 470.4761904761904 147.38095238095238 -1 -1 -1 -1 -1 -1 -1 -1 -1 -1 -1 -1
# barcode/test_barcode_0029.jpg 640 640 1
207.1428571428571 135.95238095238093 333.8095238095238 174.04761904761904 -1 -1 -1 -1 -1 -1 -1 -1 -1 -1 -1 -1
# barcode/test_barcode_0030.jpg 640 640 1
265.71428571428567 206.9047619047619 511.4285714285714 285.0 -1 -1 -1 -1 -1 -1 -1 -1 -1 -1 -1 -1
# barcode/test_barcode_0031.jpg 640 640 1
306.19047619047615 160.23809523809524 523.3333333333333 268.8095238095238 -1 -1 -1 -1 -1 -1 -1 -1 -1 -1 -1 -1
# barcode/test_barcode_0032.jpg 640 640 1
345.2380952380952 105.47619047619047 580.952380952381 221.66666666666666 -1 -1 -1 -1 -1 -1 -1 -1 -1 -1 -1 -1
# barcode/test_barcode_0033.jpg 640 640 1
345.2380952380952 471.66666666666663 530.0 587.8571428571429 -1 -1 -1 -1 -1 -1 -1 -1 -1 -1 -1 -1
# barcode/test_barcode_0034.jpg 640 640 1
406.1904761904762 404.04761904761904 517.1428571428571 544.5238095238095 -1 -1 -1 -1 -1 -1 -1 -1 -1 -1 -1 -1
# barcode/test_barcode_0035.jpg 640 640 1
345.2380952380952 427.85714285714283 466.1904761904762 509.2857142857143 -1 -1 -1 -1 -1 -1 -1 -1 -1 -1 -1 -1
# barcode/test_barcode_0036.jpg 640 640 1
273.8095238095238 451.66666666666663 395.7142857142857 532.1428571428572 -1 -1 -1 -1 -1 -1 -1 -1 -1 -1 -1 -1
# barcode/test_barcode_0037.jpg 640 640 1
357.6190476190476 434.04761904761904 545.7142857142858 545.4761904761905 -1 -1 -1 -1 -1 -1 -1 -1 -1 -1 -1 -1
# barcode/test_barcode_0038.jpg 640 640 1
350.4761904761904 426.4285714285714 546.1904761904761 541.6666666666667 -1 -1 -1 -1 -1 -1 -1 -1 -1 -1 -1 -1
# barcode/test_barcode_0039.jpg 640 640 1
320.9523809523809 235.95238095238093 441.90476190476187 440.71428571428567 -1 -1 -1 -1 -1 -1 -1 -1 -1 -1 -1 -1
# barcode/test_barcode_0040.jpg 640 640 1
271.90476190476187 155.95238095238093 440.9523809523809 368.3333333333333 -1 -1 -1 -1 -1 -1 -1 -1 -1 -1 -1 -1
# barcode/test_barcode_0041.jpg 640 640 1
312.38095238095235 140.7142857142857 442.38095238095235 386.4285714285714 -1 -1 -1 -1 -1 -1 -1 -1 -1 -1 -1 -1
# barcode/test_barcode_0042.jpg 640 640 1
165.23809523809524 230.7142857142857 264.76190476190476 281.1904761904762 -1 -1 -1 -1 -1 -1 -1 -1 -1 -1 -1 -1
# barcode/test_barcode_0043.jpg 640 640 1
155.23809523809524 276.4285714285714 257.1428571428571 333.57142857142856 -1 -1 -1 -1 -1 -1 -1 -1 -1 -1 -1 -1
# barcode/test_barcode_0044.jpg 640 640 1
267.6190476190476 260.7142857142857 361.90476190476187 329.76190476190476 -1 -1 -1 -1 -1 -1 -1 -1 -1 -1 -1 -1
# barcode/test_barcode_0045.jpg 640 640 1
182.38095238095235 190.23809523809524 278.57142857142856 245.47619047619045 -1 -1 -1 -1 -1 -1 -1 -1 -1 -1 -1 -1
# barcode/test_barcode_0046.jpg 640 640 1
91.9047619047619 275.4761904761905 169.04761904761904 436.4285714285714 -1 -1 -1 -1 -1 -1 -1 -1 -1 -1 -1 -1
# barcode/test_barcode_0047.jpg 640 640 1
224.28571428571428 126.42857142857142 314.76190476190476 282.1428571428571 -1 -1 -1 -1 -1 -1 -1 -1 -1 -1 -1 -1
# barcode/test_barcode_0048.jpg 640 640 1
273.8095238095238 103.57142857142857 377.14285714285717 276.4285714285714 -1 -1 -1 -1 -1 -1 -1 -1 -1 -1 -1 -1
# barcode/test_barcode_0049.jpg 640 640 1
305.71428571428567 109.28571428571428 449.047619047619 325.95238095238096 -1 -1 -1 -1 -1 -1 -1 -1 -1 -1 -1 -1
# barcode/test_barcode_0050.jpg 640 640 1
424.76190476190476 499.2857142857143 577.1428571428571 547.3809523809524 -1 -1 -1 -1 -1 -1 -1 -1 -1 -1 -1 -1
# barcode/test_barcode_0051.jpg 640 640 1
272.85714285714283 211.19047619047618 361.90476190476187 335.0 -1 -1 -1 -1 -1 -1 -1 -1 -1 -1 -1 -1
# barcode/test_barcode_0052.jpg 640 640 1
261.4285714285714 184.04761904761904 378.5714285714285 344.04761904761904 -1 -1 -1 -1 -1 -1 -1 -1 -1 -1 -1 -1
# datamatrix/test_datamatrix_0001.jpg 640 640 5
3.867069 68.640483 435.045317 529.788520 -1 -1 -1 -1 -1 -1 -1 -1 -1 -1 -1 -1
# datamatrix/test_datamatrix_0002.jpg 640 640 5
43.504532 161.450151 385.740181 523.987915 -1 -1 -1 -1 -1 -1 -1 -1 -1 -1 -1 -1
# datamatrix/test_datamatrix_0003.jpg 640 640 5
57.039275 240.725076 323.867069 615.830816 -1 -1 -1 -1 -1 -1 -1 -1 -1 -1 -1 -1
# datamatrix/test_datamatrix_0004.jpg 640 640 5
140.583717 199.078341 576.589862 602.150538 -1 -1 -1 -1 -1 -1 -1 -1 -1 -1 -1 -1
# datamatrix/test_datamatrix_0005.jpg 640 640 5
87.987711 177.450077 339.662058 480.245776 -1 -1 -1 -1 -1 -1 -1 -1 -1 -1 -1 -1
# datamatrix/test_datamatrix_0006.jpg 640 640 5
90.937020 88.479263 550.046083 419.293395 -1 -1 -1 -1 -1 -1 -1 -1 -1 -1 -1 -1
# datamatrix/test_datamatrix_0007.jpg 640 640 5
178.433180 84.055300 307.711214 320.000000 -1 -1 -1 -1 -1 -1 -1 -1 -1 -1 -1 -1
30.967742 101.259601 154.838710 339.662058 -1 -1 -1 -1 -1 -1 -1 -1 -1 -1 -1 -1
328.847926 64.393241 462.058372 297.880184 -1 -1 -1 -1 -1 -1 -1 -1 -1 -1 -1 -1
477.296467 41.290323 614.439324 279.692780 -1 -1 -1 -1 -1 -1 -1 -1 -1 -1 -1 -1
27.035330 390.291859 154.838710 640.000000 -1 -1 -1 -1 -1 -1 -1 -1 -1 -1 -1 -1
184.823349 370.138249 318.033794 625.745008 -1 -1 -1 -1 -1 -1 -1 -1 -1 -1 -1 -1
339.662058 349.984639 478.771121 605.591398 -1 -1 -1 -1 -1 -1 -1 -1 -1 -1 -1 -1
496.958525 329.831029 634.592934 582.980031 -1 -1 -1 -1 -1 -1 -1 -1 -1 -1 -1 -1
# datamatrix/test_datamatrix_0008.jpg 640 640 5
66.850998 83.072197 326.881720 297.880184 -1 -1 -1 -1 -1 -1 -1 -1 -1 -1 -1 -1
364.731183 141.075269 604.116743 347.526882 -1 -1 -1 -1 -1 -1 -1 -1 -1 -1 -1 -1
0.983103 326.881720 274.285714 555.944700 -1 -1 -1 -1 -1 -1 -1 -1 -1 -1 -1 -1
312.626728 378.494624 575.606759 597.726575 -1 -1 -1 -1 -1 -1 -1 -1 -1 -1 -1 -1
# datamatrix/test_datamatrix_0009.jpg 640 640 5
42.764977 150.414747 467.465438 500.890937 -1 -1 -1 -1 -1 -1 -1 -1 -1 -1 -1 -1
# datamatrix/test_datamatrix_0010.jpg 640 640 5
137.634409 149.431644 375.053763 408.970814 -1 -1 -1 -1 -1 -1 -1 -1 -1 -1 -1 -1
# datamatrix/test_datamatrix_0011.jpg 640 640 5
236.927803 294.439324 466.482335 539.723502 -1 -1 -1 -1 -1 -1 -1 -1 -1 -1 -1 -1
# datamatrix/test_datamatrix_0012.jpg 640 640 5
212.841782 160.245776 449.278034 389.308756 -1 -1 -1 -1 -1 -1 -1 -1 -1 -1 -1 -1
# datamatrix/test_datamatrix_0013.jpg 640 640 5
127.311828 228.079877 462.058372 448.294931 -1 -1 -1 -1 -1 -1 -1 -1 -1 -1 -1 -1
# datamatrix/test_datamatrix_0014.jpg 640 640 5
297.880184 172.534562 581.996928 394.224270 -1 -1 -1 -1 -1 -1 -1 -1 -1 -1 -1 -1
# datamatrix/test_datamatrix_0015.jpg 640 640 5
41.781874 124.854071 336.221198 315.084485 -1 -1 -1 -1 -1 -1 -1 -1 -1 -1 -1 -1
# datamatrix/test_datamatrix_0016.jpg 640 640 5
74.224270 144.024578 324.915515 366.205837 -1 -1 -1 -1 -1 -1 -1 -1 -1 -1 -1 -1
# datamatrix/test_datamatrix_0017.jpg 640 640 5
137.142857 114.039939 578.064516 423.717358 -1 -1 -1 -1 -1 -1 -1 -1 -1 -1 -1 -1
# datamatrix/test_datamatrix_0018.jpg 640 640 5
210.875576 231.029186 576.589862 551.520737 -1 -1 -1 -1 -1 -1 -1 -1 -1 -1 -1 -1
# datamatrix/test_datamatrix_0019.jpg 640 640 5
154.838710 206.451613 568.725038 595.268817 -1 -1 -1 -1 -1 -1 -1 -1 -1 -1 -1 -1
# datamatrix/test_datamatrix_0020.jpg 640 640 5
342.119816 344.577573 583.471582 602.642089 -1 -1 -1 -1 -1 -1 -1 -1 -1 -1 -1 -1
# datamatrix/test_datamatrix_0021.jpg 640 640 5
134.193548 128.786482 425.192012 529.892473 -1 -1 -1 -1 -1 -1 -1 -1 -1 -1 -1 -1
# datamatrix/test_datamatrix_0022.jpg 640 640 5
134.193548 244.301075 431.582181 493.026114 -1 -1 -1 -1 -1 -1 -1 -1 -1 -1 -1 -1
# datamatrix/test_datamatrix_0023.jpg 640 640 5
316.067588 291.490015 539.723502 550.537634 -1 -1 -1 -1 -1 -1 -1 -1 -1 -1 -1 -1
# datamatrix/test_datamatrix_0024.jpg 640 640 5
106.666667 213.824885 431.582181 424.208909 -1 -1 -1 -1 -1 -1 -1 -1 -1 -1 -1 -1
# datamatrix/test_datamatrix_0025.jpg 640 640 5
146.973886 212.350230 361.290323 423.225806 -1 -1 -1 -1 -1 -1 -1 -1 -1 -1 -1 -1
# datamatrix/test_datamatrix_0026.jpg 640 640 5
73.241167 146.482335 640.000000 573.640553 -1 -1 -1 -1 -1 -1 -1 -1 -1 -1 -1 -1
# datamatrix/test_datamatrix_0027.jpg 640 640 5
126.820276 145.990783 367.188940 351.459293 -1 -1 -1 -1 -1 -1 -1 -1 -1 -1 -1 -1
# datamatrix/test_datamatrix_0028.jpg 640 640 5
108.632873 241.351767 428.141321 484.178187 -1 -1 -1 -1 -1 -1 -1 -1 -1 -1 -1 -1
# datamatrix/test_datamatrix_0029.jpg 640 640 5
73.241167 180.399386 300.337942 467.465438 -1 -1 -1 -1 -1 -1 -1 -1 -1 -1 -1 -1
# datamatrix/test_datamatrix_0030.jpg 640 640 5
85.529954 285.591398 294.439324 581.505376 -1 -1 -1 -1 -1 -1 -1 -1 -1 -1 -1 -1
# datamatrix/test_datamatrix_0031.jpg 640 640 5
156.804916 195.145929 270.353303 344.086022 -1 -1 -1 -1 -1 -1 -1 -1 -1 -1 -1 -1
# datamatrix/test_datamatrix_0032.jpg 640 640 5
168.110599 258.556068 445.837174 519.569892 -1 -1 -1 -1 -1 -1 -1 -1 -1 -1 -1 -1
# datamatrix/test_datamatrix_0033.jpg 640 640 5
275.760369 240.860215 512.688172 465.499232 -1 -1 -1 -1 -1 -1 -1 -1 -1 -1 -1 -1
# datamatrix/test_datamatrix_0034.jpg 640 640 5
91.428571 275.268817 273.302611 558.402458 -1 -1 -1 -1 -1 -1 -1 -1 -1 -1 -1 -1
# datamatrix/test_datamatrix_0035.jpg 640 640 5
188.755760 229.554531 500.890937 517.112135 -1 -1 -1 -1 -1 -1 -1 -1 -1 -1 -1 -1
# datamatrix/test_datamatrix_0036.jpg 640 640 5
123.870968 157.788018 404.055300 473.855607 -1 -1 -1 -1 -1 -1 -1 -1 -1 -1 -1 -1
# datamatrix/test_datamatrix_0037.jpg 640 640 5
122.396313 153.855607 434.531490 391.274962 -1 -1 -1 -1 -1 -1 -1 -1 -1 -1 -1 -1
# datamatrix/test_datamatrix_0038.jpg 640 640 5
142.058372 165.652842 551.029186 528.909370 -1 -1 -1 -1 -1 -1 -1 -1 -1 -1 -1 -1
# datamatrix/test_datamatrix_0039.jpg 640 640 5
56.036866 133.701997 384.884793 455.176651 -1 -1 -1 -1 -1 -1 -1 -1 -1 -1 -1 -1
# datamatrix/test_datamatrix_0040.jpg 640 640 5
22.611367 166.144393 494.992320 411.428571 -1 -1 -1 -1 -1 -1 -1 -1 -1 -1 -1 -1
# datamatrix/test_datamatrix_0041.jpg 640 640 5
209.892473 208.909370 542.181260 513.671275 -1 -1 -1 -1 -1 -1 -1 -1 -1 -1 -1 -1
# datamatrix/test_datamatrix_0042.jpg 640 640 5
11.797235 71.274962 487.127496 507.772657 -1 -1 -1 -1 -1 -1 -1 -1 -1 -1 -1 -1
# datamatrix/test_datamatrix_0043.jpg 640 640 5
276.743472 303.287250 549.062980 488.110599 -1 -1 -1 -1 -1 -1 -1 -1 -1 -1 -1 -1
# datamatrix/test_datamatrix_0044.jpg 640 640 5
120.921659 110.599078 409.953917 433.548387 -1 -1 -1 -1 -1 -1 -1 -1 -1 -1 -1 -1
# datamatrix/test_datamatrix_0045.jpg 640 640 5
60.460829 172.534562 497.941628 514.162826 -1 -1 -1 -1 -1 -1 -1 -1 -1 -1 -1 -1
# datamatrix/test_datamatrix_0046.jpg 640 640 5
112.565284 108.141321 440.430108 427.158218 -1 -1 -1 -1 -1 -1 -1 -1 -1 -1 -1 -1
# datamatrix/test_datamatrix_0047.jpg 640 640 5
162.703533 196.620584 433.056836 523.502304 -1 -1 -1 -1 -1 -1 -1 -1 -1 -1 -1 -1
# datamatrix/test_datamatrix_0048.jpg 640 640 5
120.921659 151.397849 382.918587 518.095238 -1 -1 -1 -1 -1 -1 -1 -1 -1 -1 -1 -1
# datamatrix/test_datamatrix_0049.jpg 640 640 5
156.804916 186.298003 602.150538 473.855607 -1 -1 -1 -1 -1 -1 -1 -1 -1 -1 -1 -1
# datamatrix/test_datamatrix_0050.jpg 640 640 5
122.396313 175.975422 399.139785 397.173579 -1 -1 -1 -1 -1 -1 -1 -1 -1 -1 -1 -1
# datamatrix/test_datamatrix_0051.jpg 640 640 5
80.122888 53.579109 266.912442 242.826421 -1 -1 -1 -1 -1 -1 -1 -1 -1 -1 -1 -1
# datamatrix/test_datamatrix_0052.jpg 640 640 5
289.523810 222.672811 547.588326 462.058372 -1 -1 -1 -1 -1 -1 -1 -1 -1 -1 -1 -1
# datamatrix/test_datamatrix_0053.jpg 640 640 5
221.689708 213.824885 544.639017 553.486943 -1 -1 -1 -1 -1 -1 -1 -1 -1 -1 -1 -1
# datamatrix/test_datamatrix_0054.jpg 640 640 5
363.256528 244.792627 554.961598 357.849462 -1 -1 -1 -1 -1 -1 -1 -1 -1 -1 -1 -1
# kuihua/test_kuihua_0001.jpg 640 640 2
133.33333333333331 171.19047619047618 356.19047619047615 404.04761904761904 -1 -1 -1 -1 -1 -1 -1 -1 -1 -1 -1 -1
# kuihua/test_kuihua_0002.jpg 640 640 2
115.7142857142857 189.76190476190476 294.76190476190476 450.23809523809524 -1 -1 -1 -1 -1 -1 -1 -1 -1 -1 -1 -1
# kuihua/test_kuihua_0003.jpg 640 640 2
312.38095238095235 248.8095238095238 507.14285714285705 428.3333333333333 -1 -1 -1 -1 -1 -1 -1 -1 -1 -1 -1 -1
# kuihua/test_kuihua_0004.jpg 640 640 2
167.6190476190476 305.95238095238096 424.2857142857143 625.4761904761905 -1 -1 -1 -1 -1 -1 -1 -1 -1 -1 -1 -1
# kuihua/test_kuihua_0005.jpg 640 640 2
102.38095238095235 252.14285714285714 239.04761904761904 385.0 -1 -1 -1 -1 -1 -1 -1 -1 -1 -1 -1 -1
# kuihua/test_kuihua_0006.jpg 640 640 2
402.38095238095235 361.66666666666663 523.8095238095239 475.4761904761905 -1 -1 -1 -1 -1 -1 -1 -1 -1 -1 -1 -1
# kuihua/test_kuihua_0007.jpg 640 640 2
279.04761904761904 361.66666666666663 406.1904761904762 439.2857142857143 -1 -1 -1 -1 -1 -1 -1 -1 -1 -1 -1 -1
# kuihua/test_kuihua_0008.jpg 640 640 2
263.8095238095238 157.85714285714286 380.4761904761904 264.04761904761904 -1 -1 -1 -1 -1 -1 -1 -1 -1 -1 -1 -1
# kuihua/test_kuihua_0009.jpg 640 640 2
315.2380952380952 270.23809523809524 463.3333333333333 405.0 -1 -1 -1 -1 -1 -1 -1 -1 -1 -1 -1 -1
# kuihua/test_kuihua_0010.jpg 640 640 2
95.23809523809521 226.42857142857142 260.0 365.0 -1 -1 -1 -1 -1 -1 -1 -1 -1 -1 -1 -1
# kuihua/test_kuihua_0011.jpg 640 640 2
157.6190476190476 184.52380952380952 318.0952380952381 263.0952380952381 -1 -1 -1 -1 -1 -1 -1 -1 -1 -1 -1 -1
# kuihua/test_kuihua_0012.jpg 640 640 2
185.71428571428567 208.33333333333331 407.14285714285717 422.6190476190476 -1 -1 -1 -1 -1 -1 -1 -1 -1 -1 -1 -1
# kuihua/test_kuihua_0013.jpg 640 640 2
290.4761904761904 215.47619047619045 418.095238095238 334.5238095238095 -1 -1 -1 -1 -1 -1 -1 -1 -1 -1 -1 -1
# kuihua/test_kuihua_0014.jpg 640 640 2
178.09523809523807 144.52380952380952 329.04761904761904 217.38095238095238 -1 -1 -1 -1 -1 -1 -1 -1 -1 -1 -1 -1
# kuihua/test_kuihua_0015.jpg 640 640 2
153.33333333333331 343.57142857142856 470.4761904761904 579.2857142857143 -1 -1 -1 -1 -1 -1 -1 -1 -1 -1 -1 -1
# kuihua/test_kuihua_0016.jpg 640 640 2
224.28571428571428 257.85714285714283 543.3333333333333 412.6190476190476 -1 -1 -1 -1 -1 -1 -1 -1 -1 -1 -1 -1
# kuihua/test_kuihua_0017.jpg 640 640 2
224.28571428571428 243.09523809523807 479.52380952380946 439.2857142857143 -1 -1 -1 -1 -1 -1 -1 -1 -1 -1 -1 -1
# kuihua/test_kuihua_0018.jpg 640 640 2
164.76190476190476 225.0 423.8095238095238 462.6190476190476 -1 -1 -1 -1 -1 -1 -1 -1 -1 -1 -1 -1
# kuihua/test_kuihua_0019.jpg 640 640 2
152.38095238095235 167.85714285714286 421.4285714285714 310.7142857142857 -1 -1 -1 -1 -1 -1 -1 -1 -1 -1 -1 -1
# kuihua/test_kuihua_0020.jpg 640 640 2
121.90476190476187 119.28571428571428 302.38095238095235 281.1904761904762 -1 -1 -1 -1 -1 -1 -1 -1 -1 -1 -1 -1
# kuihua/test_kuihua_0021.jpg 640 640 2
59.04761904761904 95.47619047619047 227.6190476190476 329.76190476190476 -1 -1 -1 -1 -1 -1 -1 -1 -1 -1 -1 -1
# kuihua/test_kuihua_0022.jpg 640 640 2
208.09523809523807 136.9047619047619 376.6666666666667 311.19047619047615 -1 -1 -1 -1 -1 -1 -1 -1 -1 -1 -1 -1
# kuihua/test_kuihua_0023.jpg 640 640 2
403.8095238095238 196.9047619047619 576.1904761904761 342.1428571428571 -1 -1 -1 -1 -1 -1 -1 -1 -1 -1 -1 -1
# kuihua/test_kuihua_0024.jpg 640 640 2
311.90476190476187 389.2857142857143 461.90476190476187 521.1904761904763 -1 -1 -1 -1 -1 -1 -1 -1 -1 -1 -1 -1
# kuihua/test_kuihua_0025.jpg 640 640 2
188.57142857142856 236.9047619047619 333.8095238095238 385.4761904761905 -1 -1 -1 -1 -1 -1 -1 -1 -1 -1 -1 -1
# kuihua/test_kuihua_0026.jpg 640 640 2
196.66666666666663 180.23809523809524 347.1428571428571 321.19047619047615 -1 -1 -1 -1 -1 -1 -1 -1 -1 -1 -1 -1
# kuihua/test_kuihua_0027.jpg 640 640 2
209.04761904761904 168.8095238095238 503.3333333333333 471.66666666666663 -1 -1 -1 -1 -1 -1 -1 -1 -1 -1 -1 -1
# kuihua/test_kuihua_0028.jpg 640 640 2
210.47619047619048 240.2380952380952 430.9523809523809 458.8095238095238 -1 -1 -1 -1 -1 -1 -1 -1 -1 -1 -1 -1
# kuihua/test_kuihua_0029.jpg 640 640 2
308.0952380952381 249.76190476190476 487.61904761904754 408.3333333333333 -1 -1 -1 -1 -1 -1 -1 -1 -1 -1 -1 -1
# kuihua/test_kuihua_0030.jpg 640 640 2
199.52380952380952 187.38095238095238 357.6190476190476 345.95238095238096 -1 -1 -1 -1 -1 -1 -1 -1 -1 -1 -1 -1
# kuihua/test_kuihua_0031.jpg 640 640 2
311.4285714285714 309.76190476190476 530.4761904761904 548.3333333333334 -1 -1 -1 -1 -1 -1 -1 -1 -1 -1 -1 -1
# kuihua/test_kuihua_0032.jpg 640 640 2
186.19047619047615 62.61904761904761 370.9523809523809 431.66666666666663 -1 -1 -1 -1 -1 -1 -1 -1 -1 -1 -1 -1
# kuihua/test_kuihua_0033.jpg 640 640 2
343.3333333333333 389.2857142857143 600.0 543.0952380952381 -1 -1 -1 -1 -1 -1 -1 -1 -1 -1 -1 -1
# kuihua/test_kuihua_0034.jpg 640 640 2
332.38095238095235 237.85714285714283 510.4761904761904 387.85714285714283 -1 -1 -1 -1 -1 -1 -1 -1 -1 -1 -1 -1
# kuihua/test_kuihua_0035.jpg 640 640 2
171.4285714285714 113.57142857142857 321.4285714285714 275.95238095238096 -1 -1 -1 -1 -1 -1 -1 -1 -1 -1 -1 -1
# kuihua/test_kuihua_0036.jpg 640 640 2
194.76190476190476 24.523809523809522 500.9523809523809 306.90476190476187 -1 -1 -1 -1 -1 -1 -1 -1 -1 -1 -1 -1
# kuihua/test_kuihua_0037.jpg 640 640 2
134.28571428571428 134.04761904761904 423.3333333333333 616.9047619047619 -1 -1 -1 -1 -1 -1 -1 -1 -1 -1 -1 -1
# kuihua/test_kuihua_0038.jpg 640 640 2
227.6190476190476 120.23809523809523 560.0 489.2857142857143 -1 -1 -1 -1 -1 -1 -1 -1 -1 -1 -1 -1
# kuihua/test_kuihua_0039.jpg 640 640 2
344.76190476190476 225.95238095238093 554.2857142857142 368.3333333333333 -1 -1 -1 -1 -1 -1 -1 -1 -1 -1 -1 -1
# kuihua/test_kuihua_0040.jpg 640 640 2
197.1428571428571 180.7142857142857 333.3333333333333 329.76190476190476 -1 -1 -1 -1 -1 -1 -1 -1 -1 -1 -1 -1
# kuihua/test_kuihua_0041.jpg 640 640 2
98.57142857142856 75.95238095238095 479.047619047619 489.2857142857143 -1 -1 -1 -1 -1 -1 -1 -1 -1 -1 -1 -1
# kuihua/test_kuihua_0042.jpg 640 640 2
112.85714285714283 147.85714285714286 494.76190476190476 462.6190476190476 -1 -1 -1 -1 -1 -1 -1 -1 -1 -1 -1 -1
# kuihua/test_kuihua_0043.jpg 640 640 2
51.9047619047619 108.33333333333333 422.38095238095235 394.04761904761904 -1 -1 -1 -1 -1 -1 -1 -1 -1 -1 -1 -1
# kuihua/test_kuihua_0044.jpg 640 640 2
241.90476190476187 63.09523809523809 565.7142857142858 311.66666666666663 -1 -1 -1 -1 -1 -1 -1 -1 -1 -1 -1 -1
# kuihua/test_kuihua_0045.jpg 640 640 2
153.33333333333331 165.95238095238093 292.85714285714283 323.0952380952381 -1 -1 -1 -1 -1 -1 -1 -1 -1 -1 -1 -1
# kuihua/test_kuihua_0046.jpg 640 640 2
268.57142857142856 125.95238095238095 576.1904761904761 390.7142857142857 -1 -1 -1 -1 -1 -1 -1 -1 -1 -1 -1 -1
# kuihua/test_kuihua_0047.jpg 640 640 2
164.28571428571428 205.95238095238093 423.8095238095238 462.6190476190476 -1 -1 -1 -1 -1 -1 -1 -1 -1 -1 -1 -1
# kuihua/test_kuihua_0048.jpg 640 640 2
321.90476190476187 116.42857142857142 522.3809523809523 326.4285714285714 -1 -1 -1 -1 -1 -1 -1 -1 -1 -1 -1 -1
# kuihua/test_kuihua_0049.jpg 640 640 2
250.47619047619042 168.8095238095238 450.4761904761904 325.4761904761905 -1 -1 -1 -1 -1 -1 -1 -1 -1 -1 -1 -1
# kuihua/test_kuihua_0050.jpg 640 640 2
244.76190476190476 129.76190476190476 605.2380952380952 481.19047619047615 -1 -1 -1 -1 -1 -1 -1 -1 -1 -1 -1 -1
# kuihua/test_kuihua_0051.jpg 640 640 2
99.99999999999997 198.33333333333331 379.99999999999994 567.3809523809524 -1 -1 -1 -1 -1 -1 -1 -1 -1 -1 -1 -1
# kuihua/test_kuihua_0052.jpg 640 640 2
207.6190476190476 95.47619047619047 565.7142857142858 332.6190476190476 -1 -1 -1 -1 -1 -1 -1 -1 -1 -1 -1 -1
# kuihua/test_kuihua_0053.jpg 640 640 2
104.28571428571428 180.23809523809524 347.1428571428571 416.4285714285714 -1 -1 -1 -1 -1 -1 -1 -1 -1 -1 -1 -1
# kuihua/test_kuihua_0054.jpg 640 640 2
278.57142857142856 162.14285714285714 494.76190476190476 351.19047619047615 -1 -1 -1 -1 -1 -1 -1 -1 -1 -1 -1 -1
# kuihua/test_kuihua_0055.jpg 640 640 2
146.66666666666663 124.04761904761904 337.1428571428571 269.2857142857143 -1 -1 -1 -1 -1 -1 -1 -1 -1 -1 -1 -1
# kuihua/test_kuihua_0056.jpg 640 640 2
206.66666666666663 96.9047619047619 404.2857142857143 276.4285714285714 -1 -1 -1 -1 -1 -1 -1 -1 -1 -1 -1 -1
# kuihua/test_kuihua_0057.jpg 640 640 2
150.0 296.4285714285714 304.76190476190476 443.0952380952381 -1 -1 -1 -1 -1 -1 -1 -1 -1 -1 -1 -1
236.19047619047615 116.42857142857142 382.85714285714283 259.76190476190476 -1 -1 -1 -1 -1 -1 -1 -1 -1 -1 -1 -1
414.76190476190476 107.38095238095238 509.047619047619 203.57142857142856 -1 -1 -1 -1 -1 -1 -1 -1 -1 -1 -1 -1
477.14285714285705 209.76190476190476 527.6190476190475 260.7142857142857 -1 -1 -1 -1 -1 -1 -1 -1 -1 -1 -1 -1
399.52380952380946 287.85714285714283 547.1428571428571 435.9523809523809 -1 -1 -1 -1 -1 -1 -1 -1 -1 -1 -1 -1
341.90476190476187 400.7142857142857 412.38095238095235 467.85714285714283 -1 -1 -1 -1 -1 -1 -1 -1 -1 -1 -1 -1
# kuihua/test_kuihua_0058.jpg 640 640 2
67.61904761904759 247.85714285714283 284.76190476190476 361.66666666666663 -1 -1 -1 -1 -1 -1 -1 -1 -1 -1 -1 -1
147.6190476190476 124.99999999999999 319.5238095238095 219.76190476190476 -1 -1 -1 -1 -1 -1 -1 -1 -1 -1 -1 -1
336.19047619047615 124.99999999999999 439.52380952380946 185.0 -1 -1 -1 -1 -1 -1 -1 -1 -1 -1 -1 -1
427.61904761904754 186.9047619047619 483.8095238095238 217.38095238095238 -1 -1 -1 -1 -1 -1 -1 -1 -1 -1 -1 -1
389.99999999999994 235.0 572.3809523809523 327.38095238095235 -1 -1 -1 -1 -1 -1 -1 -1 -1 -1 -1 -1
357.6190476190476 311.19047619047615 447.61904761904754 358.3333333333333 -1 -1 -1 -1 -1 -1 -1 -1 -1 -1 -1 -1
# kuihua/test_kuihua_0059.jpg 640 640 2
263.8095238095238 61.666666666666664 347.6190476190476 111.19047619047619 -1 -1 -1 -1 -1 -1 -1 -1 -1 -1 -1 -1
62.38095238095235 86.9047619047619 283.8095238095238 214.04761904761904 -1 -1 -1 -1 -1 -1 -1 -1 -1 -1 -1 -1
40.47619047619045 247.85714285714283 139.52380952380952 312.1428571428571 -1 -1 -1 -1 -1 -1 -1 -1 -1 -1 -1 -1
33.809523809523796 316.4285714285714 262.38095238095235 495.0 -1 -1 -1 -1 -1 -1 -1 -1 -1 -1 -1 -1
407.14285714285717 76.9047619047619 620.0 187.38095238095238 -1 -1 -1 -1 -1 -1 -1 -1 -1 -1 -1 -1
325.71428571428567 223.09523809523807 637.1428571428571 425.4761904761905 -1 -1 -1 -1 -1 -1 -1 -1 -1 -1 -1 -1
# pdf417/test_pdf417_0001.jpg 640 640 4
54.562212 140.092166 232.995392 187.772657 -1 -1 -1 -1 -1 -1 -1 -1 -1 -1 -1 -1
248.725038 132.227343 426.175115 179.907834 -1 -1 -1 -1 -1 -1 -1 -1 -1 -1 -1 -1
444.854071 126.328725 621.812596 167.127496 -1 -1 -1 -1 -1 -1 -1 -1 -1 -1 -1 -1
68.817204 306.728111 244.792627 355.883257 -1 -1 -1 -1 -1 -1 -1 -1 -1 -1 -1 -1
262.488479 297.388633 437.480799 347.035330 -1 -1 -1 -1 -1 -1 -1 -1 -1 -1 -1 -1
454.193548 293.456221 630.168971 331.305684 -1 -1 -1 -1 -1 -1 -1 -1 -1 -1 -1 -1
# pdf417/test_pdf417_0002.jpg 640 640 4
165.161290 53.087558 327.373272 213.333333 -1 -1 -1 -1 -1 -1 -1 -1 -1 -1 -1 -1
300.337942 193.671275 467.956989 361.781874 -1 -1 -1 -1 -1 -1 -1 -1 -1 -1 -1 -1
442.396313 341.628264 617.388633 510.721966 -1 -1 -1 -1 -1 -1 -1 -1 -1 -1 -1 -1
7.373272 185.314900 163.195084 342.611367 -1 -1 -1 -1 -1 -1 -1 -1 -1 -1 -1 -1
146.973886 327.864823 298.863287 483.686636 -1 -1 -1 -1 -1 -1 -1 -1 -1 -1 -1 -1
279.692780 469.923195 450.752688 640.000000 -1 -1 -1 -1 -1 -1 -1 -1 -1 -1 -1 -1
# pdf417/test_pdf417_0003.jpg 640 640 4
131.244240 190.721966 500.890937 295.913978 -1 -1 -1 -1 -1 -1 -1 -1 -1 -1 -1 -1
# pdf417/test_pdf417_0004.jpg 640 640 4
85.038402 140.092166 352.933948 359.815668 -1 -1 -1 -1 -1 -1 -1 -1 -1 -1 -1 -1
# pdf417/test_pdf417_0005.jpg 640 640 4
51.612903 150.414747 399.139785 292.964670 -1 -1 -1 -1 -1 -1 -1 -1 -1 -1 -1 -1
# pdf417/test_pdf417_0006.jpg 640 640 4
38.832565 109.124424 295.422427 222.181260 -1 -1 -1 -1 -1 -1 -1 -1 -1 -1 -1 -1
# pdf417/test_pdf417_0007.jpg 640 640 4
147.465438 201.536098 265.437788 487.619048 -1 -1 -1 -1 -1 -1 -1 -1 -1 -1 -1 -1
# pdf417/test_pdf417_0008.jpg 640 640 4
273.302611 193.671275 369.646697 523.993856 -1 -1 -1 -1 -1 -1 -1 -1 -1 -1 -1 -1
# pdf417/test_pdf417_0009.jpg 640 640 4
163.195084 226.605223 476.804916 389.308756 -1 -1 -1 -1 -1 -1 -1 -1 -1 -1 -1 -1
# pdf417/test_pdf417_0010.jpg 640 640 4
165.652842 136.159754 354.408602 363.256528 -1 -1 -1 -1 -1 -1 -1 -1 -1 -1 -1 -1
# pdf417/test_pdf417_0011.jpg 640 640 4
135.668203 156.313364 358.341014 477.788018 -1 -1 -1 -1 -1 -1 -1 -1 -1 -1 -1 -1
# pdf417/test_pdf417_0012.jpg 640 640 4
132.227343 262.488479 443.870968 548.079877 -1 -1 -1 -1 -1 -1 -1 -1 -1 -1 -1 -1
# pdf417/test_pdf417_0013.jpg 640 640 4
163.686636 192.688172 520.552995 262.980031 -1 -1 -1 -1 -1 -1 -1 -1 -1 -1 -1 -1
# pdf417/test_pdf417_0014.jpg 640 640 4
222.181260 277.726575 344.577573 535.299539 -1 -1 -1 -1 -1 -1 -1 -1 -1 -1 -1 -1
# pdf417/test_pdf417_0015.jpg 640 640 4
234.470046 216.774194 595.268817 543.655914 -1 -1 -1 -1 -1 -1 -1 -1 -1 -1 -1 -1
# pdf417/test_pdf417_0016.jpg 640 640 4
82.580645 164.669739 279.692780 537.265745 -1 -1 -1 -1 -1 -1 -1 -1 -1 -1 -1 -1
# pdf417/test_pdf417_0017.jpg 640 640 4
82.580645 174.992320 249.216590 421.751152 -1 -1 -1 -1 -1 -1 -1 -1 -1 -1 -1 -1
# pdf417/test_pdf417_0018.jpg 640 640 4
65.867896 15.729647 145.007680 404.055300 -1 -1 -1 -1 -1 -1 -1 -1 -1 -1 -1 -1
# pdf417/test_pdf417_0019.jpg 640 640 4
42.273425 144.516129 349.984639 385.376344 -1 -1 -1 -1 -1 -1 -1 -1 -1 -1 -1 -1
# pdf417/test_pdf417_0020.jpg 640 640 4
243.809524 219.231951 577.081413 330.814132 -1 -1 -1 -1 -1 -1 -1 -1 -1 -1 -1 -1
# pdf417/test_pdf417_0021.jpg 640 640 4
282.150538 240.368664 599.201229 516.620584 -1 -1 -1 -1 -1 -1 -1 -1 -1 -1 -1 -1
# pdf417/test_pdf417_0022.jpg 640 640 4
39.815668 131.244240 475.821813 454.685100 -1 -1 -1 -1 -1 -1 -1 -1 -1 -1 -1 -1
# pdf417/test_pdf417_0023.jpg 640 640 4
227.096774 120.921659 429.615975 548.079877 -1 -1 -1 -1 -1 -1 -1 -1 -1 -1 -1 -1
# pdf417/test_pdf417_0024.jpg 640 640 4
296.897081 237.910906 530.384025 582.980031 -1 -1 -1 -1 -1 -1 -1 -1 -1 -1 -1 -1
# pdf417/test_pdf417_0025.jpg 640 640 4
0.000000 151.397849 331.797235 346.543779 -1 -1 -1 -1 -1 -1 -1 -1 -1 -1 -1 -1
# pdf417/test_pdf417_0026.jpg 640 640 4
95.852535 187.281106 474.347158 364.239631 -1 -1 -1 -1 -1 -1 -1 -1 -1 -1 -1 -1
# pdf417/test_pdf417_0027.jpg 640 640 4
73.241167 201.044547 540.215054 580.522273 -1 -1 -1 -1 -1 -1 -1 -1 -1 -1 -1 -1
# pdf417/test_pdf417_0028.jpg 640 640 4
223.164363 237.910906 542.672811 567.741935 -1 -1 -1 -1 -1 -1 -1 -1 -1 -1 -1 -1
# pdf417/test_pdf417_0029.jpg 640 640 4
30.967742 162.703533 444.854071 286.574501 -1 -1 -1 -1 -1 -1 -1 -1 -1 -1 -1 -1
# pdf417/test_pdf417_0030.jpg 640 640 4
76.682028 222.181260 435.023041 432.565284 -1 -1 -1 -1 -1 -1 -1 -1 -1 -1 -1 -1
# pdf417/test_pdf417_0031.jpg 640 640 4
101.751152 156.804916 276.743472 255.606759 -1 -1 -1 -1 -1 -1 -1 -1 -1 -1 -1 -1
# pdf417/test_pdf417_0032.jpg 640 640 4
42.764977 60.952381 354.900154 348.018433 -1 -1 -1 -1 -1 -1 -1 -1 -1 -1 -1 -1
# pdf417/test_pdf417_0033.jpg 640 640 4
10.322581 193.671275 241.351767 276.251920 -1 -1 -1 -1 -1 -1 -1 -1 -1 -1 -1 -1
# pdf417/test_pdf417_0034.jpg 640 640 4
170.568356 219.723502 555.944700 349.984639 -1 -1 -1 -1 -1 -1 -1 -1 -1 -1 -1 -1
# pdf417/test_pdf417_0035.jpg 640 640 4
162.703533 209.400922 413.886329 286.574501 -1 -1 -1 -1 -1 -1 -1 -1 -1 -1 -1 -1
# pdf417/test_pdf417_0036.jpg 640 640 4
295.422427 206.451613 551.029186 453.210445 -1 -1 -1 -1 -1 -1 -1 -1 -1 -1 -1 -1
# pdf417/test_pdf417_0037.jpg 640 640 4
125.345622 155.821813 417.818740 204.485407 -1 -1 -1 -1 -1 -1 -1 -1 -1 -1 -1 -1
# pdf417/test_pdf417_0038.jpg 640 640 4
75.698925 128.294931 268.878648 256.589862 -1 -1 -1 -1 -1 -1 -1 -1 -1 -1 -1 -1
# pdf417/test_pdf417_0039.jpg 640 640 4
154.838710 156.313364 453.701997 387.342550 -1 -1 -1 -1 -1 -1 -1 -1 -1 -1 -1 -1
# pdf417/test_pdf417_0040.jpg 640 640 4
259.047619 305.253456 555.453149 481.228879 -1 -1 -1 -1 -1 -1 -1 -1 -1 -1 -1 -1
# pdf417/test_pdf417_0041.jpg 640 640 4
358.341014 386.850998 605.099846 519.078341 -1 -1 -1 -1 -1 -1 -1 -1 -1 -1 -1 -1
# pdf417/test_pdf417_0042.jpg 640 640 4
351.459293 302.304147 578.556068 529.892473 -1 -1 -1 -1 -1 -1 -1 -1 -1 -1 -1 -1
# pdf417/test_pdf417_0043.jpg 640 640 4
225.130568 119.447005 582.488479 229.554531 -1 -1 -1 -1 -1 -1 -1 -1 -1 -1 -1 -1
# pdf417/test_pdf417_0044.jpg 640 640 4
195.145929 112.073733 555.453149 220.215054 -1 -1 -1 -1 -1 -1 -1 -1 -1 -1 -1 -1
# pdf417/test_pdf417_0045.jpg 640 640 4
113.548387 124.362519 569.708141 224.147465 -1 -1 -1 -1 -1 -1 -1 -1 -1 -1 -1 -1
# pdf417/test_pdf417_0046.jpg 640 640 4
261.013825 379.969278 505.806452 436.989247 -1 -1 -1 -1 -1 -1 -1 -1 -1 -1 -1 -1
# pdf417/test_pdf417_0047.jpg 640 640 4
243.809524 215.299539 494.009217 419.293395 -1 -1 -1 -1 -1 -1 -1 -1 -1 -1 -1 -1
# pdf417/test_pdf417_0048.jpg 640 640 4
95.852535 329.831029 589.370200 452.718894 -1 -1 -1 -1 -1 -1 -1 -1 -1 -1 -1 -1
# pdf417/test_pdf417_0049.jpg 640 640 4
128.786482 220.215054 353.917051 449.769585 -1 -1 -1 -1 -1 -1 -1 -1 -1 -1 -1 -1
# pdf417/test_pdf417_0050.jpg 640 640 4
64.393241 114.531490 276.251920 431.090630 -1 -1 -1 -1 -1 -1 -1 -1 -1 -1 -1 -1
# pdf417/test_pdf417_0051.jpg 640 640 4
255.115207 313.118280 592.811060 478.771121 -1 -1 -1 -1 -1 -1 -1 -1 -1 -1 -1 -1
# pdf417/test_pdf417_0052.jpg 640 640 4
97.818740 327.864823 422.734255 501.382488 -1 -1 -1 -1 -1 -1 -1 -1 -1 -1 -1 -1
# pdf417/test_pdf417_0053.jpg 640 640 4
264.946237 216.774194 640.000000 365.714286 -1 -1 -1 -1 -1 -1 -1 -1 -1 -1 -1 -1
# pdf417/test_pdf417_0054.jpg 640 640 4
60.460829 109.124424 355.883257 216.774194 -1 -1 -1 -1 -1 -1 -1 -1 -1 -1 -1 -1
# pdf417/test_pdf417_0055.jpg 640 640 4
273.794163 184.331797 566.758833 332.780338 -1 -1 -1 -1 -1 -1 -1 -1 -1 -1 -1 -1
# pdf417/test_pdf417_0056.jpg 640 640 4
195.637481 177.941628 473.364055 270.844854 -1 -1 -1 -1 -1 -1 -1 -1 -1 -1 -1 -1
# pdf417/test_pdf417_0057.jpg 640 640 4
430.107527 284.116743 543.655914 625.253456 -1 -1 -1 -1 -1 -1 -1 -1 -1 -1 -1 -1
# pdf417/test_pdf417_0058.jpg 640 640 4
52.104455 122.396313 195.145929 524.976959 -1 -1 -1 -1 -1 -1 -1 -1 -1 -1 -1 -1
# qrcode/test_qrcode_0001.jpg 640 640 3
209.892473 45.714286 422.242704 342.119816 -1 -1 -1 -1 -1 -1 -1 -1 -1 -1 -1 -1
# qrcode/test_qrcode_0002.jpg 640 640 3
116.006144 123.379416 448.294931 443.870968 -1 -1 -1 -1 -1 -1 -1 -1 -1 -1 -1 -1
# qrcode/test_qrcode_0003.jpg 640 640 3
145.499232 170.568356 331.797235 468.940092 -1 -1 -1 -1 -1 -1 -1 -1 -1 -1 -1 -1
# qrcode/test_qrcode_0004.jpg 640 640 3
246.267281 160.737327 549.062980 445.345622 -1 -1 -1 -1 -1 -1 -1 -1 -1 -1 -1 -1
# qrcode/test_qrcode_0005.jpg 640 640 3
291.981567 178.924731 630.660522 443.870968 -1 -1 -1 -1 -1 -1 -1 -1 -1 -1 -1 -1
# qrcode/test_qrcode_0006.jpg 640 640 3
323.440860 210.875576 403.072197 310.660522 -1 -1 -1 -1 -1 -1 -1 -1 -1 -1 -1 -1
# qrcode/test_qrcode_0007.jpg 640 640 3
200.061444 189.738863 336.221198 283.625192 -1 -1 -1 -1 -1 -1 -1 -1 -1 -1 -1 -1
# qrcode/test_qrcode_0008.jpg 640 640 3
465.499232 146.482335 579.539171 280.675883 -1 -1 -1 -1 -1 -1 -1 -1 -1 -1 -1 -1
# qrcode/test_qrcode_0009.jpg 640 640 3
422.734255 385.376344 609.032258 569.216590 -1 -1 -1 -1 -1 -1 -1 -1 -1 -1 -1 -1
# qrcode/test_qrcode_0010.jpg 640 640 3
94.377880 119.447005 220.706605 274.285714 -1 -1 -1 -1 -1 -1 -1 -1 -1 -1 -1 -1
# qrcode/test_qrcode_0011.jpg 640 640 3
293.947773 112.565284 407.004608 342.611367 -1 -1 -1 -1 -1 -1 -1 -1 -1 -1 -1 -1
# qrcode/test_qrcode_0012.jpg 640 640 3
277.235023 266.420891 375.053763 363.256528 -1 -1 -1 -1 -1 -1 -1 -1 -1 -1 -1 -1
# qrcode/test_qrcode_0013.jpg 640 640 3
389.308756 173.026114 468.940092 249.216590 -1 -1 -1 -1 -1 -1 -1 -1 -1 -1 -1 -1
# qrcode/test_qrcode_0014.jpg 640 640 3
356.866359 164.178187 438.463902 277.726575 -1 -1 -1 -1 -1 -1 -1 -1 -1 -1 -1 -1
# qrcode/test_qrcode_0015.jpg 640 640 3
298.863287 415.360983 492.043011 607.557604 -1 -1 -1 -1 -1 -1 -1 -1 -1 -1 -1 -1
# qrcode/test_qrcode_0016.jpg 640 640 3
178.433180 216.282642 310.660522 334.254992 -1 -1 -1 -1 -1 -1 -1 -1 -1 -1 -1 -1
# qrcode/test_qrcode_0017.jpg 640 640 3
58.003072 109.615975 231.520737 268.878648 -1 -1 -1 -1 -1 -1 -1 -1 -1 -1 -1 -1
# qrcode/test_qrcode_0018.jpg 640 640 3
165.652842 337.695853 408.970814 608.540707 -1 -1 -1 -1 -1 -1 -1 -1 -1 -1 -1 -1
# qrcode/test_qrcode_0019.jpg 640 640 3
208.417819 410.937020 326.881720 483.195084 -1 -1 -1 -1 -1 -1 -1 -1 -1 -1 -1 -1
# qrcode/test_qrcode_0020.jpg 640 640 3
212.350230 300.829493 435.023041 518.586790 -1 -1 -1 -1 -1 -1 -1 -1 -1 -1 -1 -1
# qrcode/test_qrcode_0021.jpg 640 640 3
166.635945 382.427035 360.307220 513.671275 -1 -1 -1 -1 -1 -1 -1 -1 -1 -1 -1 -1
# qrcode/test_qrcode_0022.jpg 640 640 3
391.766513 165.161290 619.846390 435.514593 -1 -1 -1 -1 -1 -1 -1 -1 -1 -1 -1 -1
# qrcode/test_qrcode_0023.jpg 640 640 3
262.980031 277.726575 373.087558 369.155146 -1 -1 -1 -1 -1 -1 -1 -1 -1 -1 -1 -1
# qrcode/test_qrcode_0024.jpg 640 640 3
368.172043 380.184332 538.740399 469.923195 -1 -1 -1 -1 -1 -1 -1 -1 -1 -1 -1 -1
# qrcode/test_qrcode_0025.jpg 640 640 3
66.359447 209.892473 220.706605 372.596006 -1 -1 -1 -1 -1 -1 -1 -1 -1 -1 -1 -1
# qrcode/test_qrcode_0026.jpg 640 640 3
63.410138 28.509985 245.284178 214.807988 -1 -1 -1 -1 -1 -1 -1 -1 -1 -1 -1 -1
# qrcode/test_qrcode_0027.jpg 640 640 3
386.359447 83.072197 474.838710 142.058372 -1 -1 -1 -1 -1 -1 -1 -1 -1 -1 -1 -1
# qrcode/test_qrcode_0028.jpg 640 640 3
415.852535 323.440860 516.129032 422.734255 -1 -1 -1 -1 -1 -1 -1 -1 -1 -1 -1 -1
# qrcode/test_qrcode_0029.jpg 640 640 3
417.327189 10.814132 510.721966 119.447005 -1 -1 -1 -1 -1 -1 -1 -1 -1 -1 -1 -1
# qrcode/test_qrcode_0030.jpg 640 640 3
204.485407 423.717358 370.138249 588.878648 -1 -1 -1 -1 -1 -1 -1 -1 -1 -1 -1 -1
# qrcode/test_qrcode_0031.jpg 640 640 3
381.443932 353.425499 580.030722 543.655914 -1 -1 -1 -1 -1 -1 -1 -1 -1 -1 -1 -1
# qrcode/test_qrcode_0032.jpg 640 640 3
422.242704 460.583717 528.417819 550.537634 -1 -1 -1 -1 -1 -1 -1 -1 -1 -1 -1 -1
# qrcode/test_qrcode_0033.jpg 640 640 3
290.998464 12.288786 424.208909 152.872504 -1 -1 -1 -1 -1 -1 -1 -1 -1 -1 -1 -1
# qrcode/test_qrcode_0034.jpg 640 640 3
280.184332 265.929339 389.308756 368.663594 -1 -1 -1 -1 -1 -1 -1 -1 -1 -1 -1 -1
# qrcode/test_qrcode_0035.jpg 640 640 3
356.866359 124.362519 507.281106 392.749616 -1 -1 -1 -1 -1 -1 -1 -1 -1 -1 -1 -1
# qrcode/test_qrcode_0036.jpg 640 640 3
352.933948 13.763441 600.184332 221.689708 -1 -1 -1 -1 -1 -1 -1 -1 -1 -1 -1 -1
# qrcode/test_qrcode_0037.jpg 640 640 3
160.245776 235.453149 263.963134 355.883257 -1 -1 -1 -1 -1 -1 -1 -1 -1 -1 -1 -1
# qrcode/test_qrcode_0038.jpg 640 640 3
234.961598 256.098310 322.457757 353.917051 -1 -1 -1 -1 -1 -1 -1 -1 -1 -1 -1 -1
# qrcode/test_qrcode_0039.jpg 640 640 3
478.771121 243.317972 543.655914 314.101382 -1 -1 -1 -1 -1 -1 -1 -1 -1 -1 -1 -1
# qrcode/test_qrcode_0040.jpg 640 640 3
211.858679 349.984639 397.665131 531.858679 -1 -1 -1 -1 -1 -1 -1 -1 -1 -1 -1 -1
# qrcode/test_qrcode_0041.jpg 640 640 3
6.390169 269.370200 100.276498 386.850998 -1 -1 -1 -1 -1 -1 -1 -1 -1 -1 -1 -1
